position	distance	allele0_0	allele0_1	allele1_0	allele1_1
N/A	0.00173651	0.999958	4.179e-05	1.03109e-05	0.99999
N/A	0.00180209	0.999968	3.2198e-05	2.52973e-09	1
N/A	0.00181175	0.999968	3.22786e-05	5.83303e-06	0.999994
N/A	0.00181854	0.999956	4.41968e-05	9.35574e-09	1
N/A	0.00182885	0.99996	3.99153e-05	1.24197e-08	1
N/A	0.00184579	0.999971	2.92074e-05	3.92846e-08	1
N/A	0.00184676	0.999962	3.75424e-05	2.94057e-07	1
N/A	0.00184688	0.999955	4.45592e-05	1.08961e-09	1
N/A	0.00184689	0.999967	3.25032e-05	1.6032e-07	1
N/A	0.00185062	0.999974	2.58032e-05	2.71308e-08	1
N/A	0.00185129	0.999956	4.35818e-05	3.21373e-08	1
N/A	0.00185132	0.999957	4.25094e-05	9.05754e-07	0.999999
N/A	0.00185552	0.999955	4.53704e-05	1.15583e-09	1
N/A	0.00185759	0.999964	3.62016e-05	1.13534e-05	0.999989
N/A	0.00185838	0.999958	4.23608e-05	2.18189e-09	1
N/A	0.00185853	0.999965	3.49196e-05	0.000568571	0.999431
N/A	0.00186183	0.999967	3.33328e-05	4.15988e-07	1
N/A	0.00186199	0.999967	3.34061e-05	8.59895e-07	0.999999
N/A	0.001866	0.999971	2.92371e-05	1.17866e-08	1
N/A	0.00186629	0.999967	3.34474e-05	4.79812e-08	1
N/A	0.00186697	0.999965	3.46873e-05	2.88018e-07	1
N/A	0.0018714	0.999946	5.4493e-05	0.000209413	0.999791
N/A	0.00187333	0.999968	3.18409e-05	3.12234e-06	0.999997
N/A	0.00187459	0.999954	4.59961e-05	6.82408e-06	0.999993
N/A	0.00187627	0.999966	3.40612e-05	5.92375e-09	1
N/A	0.0018893	0.999959	4.14374e-05	4.23304e-09	1
N/A	0.00189109	0.999965	3.5495e-05	2.39561e-07	1
N/A	0.0018934	0.999975	2.48454e-05	7.80244e-09	1
N/A	0.00189381	0.999971	2.87997e-05	8.67458e-08	1
N/A	0.00189441	0.999968	3.22101e-05	0.000296022	0.999704
N/A	0.00189551	0.999965	3.47524e-05	0.000171879	0.999828
N/A	0.00189686	0.999965	3.51265e-05	1.11055e-09	1
N/A	0.00189752	0.999972	2.78578e-05	7.27528e-08	1
N/A	0.00189809	0.999963	3.69979e-05	3.60503e-09	1
N/A	0.00190052	0.999966	3.44413e-05	1.96042e-08	1
N/A	0.00190073	0.999967	3.3298e-05	1.31811e-09	1
N/A	0.00190207	0.999965	3.53336e-05	0.000166511	0.999833
N/A	0.00190449	0.999973	2.65355e-05	1.35028e-05	0.999986
N/A	0.00190532	0.999974	2.58911e-05	4.38137e-06	0.999996
N/A	0.0019064	0.999969	3.10725e-05	0.000950598	0.999049
N/A	0.00190916	0.999965	3.48058e-05	1.18309e-07	1
N/A	0.00190969	0.999971	2.89883e-05	3.23546e-09	1
N/A	0.00191014	0.999964	3.60329e-05	3.02464e-08	1
N/A	0.00191402	0.99995	5.02847e-05	0.000715793	0.999284
N/A	0.00191408	0.999967	3.2647e-05	1.73854e-06	0.999998
N/A	0.00191441	0.999971	2.90003e-05	2.74397e-08	1
N/A	0.0019146	0.999961	3.86544e-05	5.72557e-09	1
N/A	0.00191535	0.999959	4.13415e-05	1.67152e-09	1
N/A	0.00191682	0.999958	4.15947e-05	4.80154e-08	1
N/A	0.00191695	0.999944	5.58788e-05	0.000173792	0.999826
N/A	0.00191933	0.99997	2.96545e-05	2.49322e-07	1
N/A	0.00191949	0.999971	2.85625e-05	0.000429528	0.99957
N/A	0.00191958	0.999969	3.0782e-05	0.000353224	0.999647
N/A	0.0019203	0.999965	3.46622e-05	0.000387296	0.999613
N/A	0.00192202	0.999952	4.81154e-05	7.79555e-05	0.999922
N/A	0.00192279	0.99996	4.01826e-05	2.04299e-08	1
N/A	0.00192433	0.999971	2.86963e-05	0.000752144	0.999248
N/A	0.00192586	0.99996	4.03679e-05	0.000141996	0.999858
N/A	0.00192641	0.999969	3.08837e-05	2.43645e-06	0.999998
N/A	0.00192668	0.999966	3.40042e-05	8.90053e-05	0.999911
N/A	0.00192836	0.999971	2.92597e-05	9.13676e-07	0.999999
N/A	0.00192912	0.99996	4.02732e-05	0.000251248	0.999749
N/A	0.0019292	0.999967	3.34171e-05	8.32284e-09	1
N/A	0.00193027	0.999958	4.17291e-05	0.000222365	0.999778
N/A	0.00193109	0.99997	2.98563e-05	5.20279e-07	0.999999
N/A	0.00193266	0.99996	3.98061e-05	3.08355e-06	0.999997
N/A	0.00193357	0.999969	3.14627e-05	9.44474e-07	0.999999
N/A	0.00193434	0.999964	3.62328e-05	3.03879e-06	0.999997
N/A	0.00193593	0.999957	4.28329e-05	1.5555e-08	1
N/A	0.00193686	0.999957	4.32264e-05	6.13498e-09	1
N/A	0.00193696	0.999958	4.16745e-05	7.82867e-06	0.999992
N/A	0.00193742	0.999951	4.90259e-05	2.01097e-08	1
N/A	0.00193922	0.999961	3.94974e-05	4.69528e-06	0.999995
N/A	0.00193923	0.99997	2.97649e-05	1.94919e-08	1
N/A	0.00193937	0.999966	3.36769e-05	0.000143801	0.999856
N/A	0.00193949	0.999974	2.59555e-05	2.4153e-05	0.999976
N/A	0.00194031	0.999958	4.20335e-05	6.57684e-09	1
N/A	0.00194045	0.999964	3.60107e-05	0.000234044	0.999766
N/A	0.00194063	0.999961	3.87375e-05	1.46136e-08	1
N/A	0.00194084	0.999963	3.72492e-05	1.14024e-09	1
N/A	0.00194111	0.999966	3.41704e-05	1.02277e-05	0.99999
N/A	0.00194141	0.99997	2.96802e-05	0.000137783	0.999862
N/A	0.00194164	0.999975	2.50111e-05	8.18248e-09	1
N/A	0.00194252	0.999962	3.81032e-05	1.16454e-06	0.999999
N/A	0.00194254	0.999974	2.60818e-05	2.23701e-05	0.999978
N/A	0.00194262	0.999963	3.69665e-05	5.49451e-08	1
N/A	0.0019435	0.999953	4.67739e-05	0.000444845	0.999555
N/A	0.00194361	0.999947	5.30613e-05	2.4793e-09	1
N/A	0.00194415	0.999979	2.07299e-05	1.72544e-06	0.999998
N/A	0.00194528	0.999969	3.10546e-05	3.79701e-06	0.999996
N/A	0.00194547	0.999953	4.69994e-05	2.31982e-09	1
N/A	0.00194559	0.999949	5.14191e-05	3.66093e-09	1
N/A	0.00194576	0.999966	3.36056e-05	4.22733e-08	1
N/A	0.00194622	0.999956	4.36355e-05	6.65333e-08	1
N/A	0.00194674	0.999968	3.20739e-05	5.89346e-05	0.999941
N/A	0.00194734	0.999978	2.20428e-05	3.44999e-06	0.999997
N/A	0.00194773	0.999961	3.86677e-05	5.09671e-06	0.999995
N/A	0.00194777	0.999956	4.36798e-05	1.31022e-05	0.999987
N/A	0.00194808	0.999966	3.40086e-05	0.000600859	0.999399
N/A	0.00194828	0.999959	4.06835e-05	1.96558e-08	1
N/A	0.00194855	0.999971	2.92322e-05	1.47624e-06	0.999999
N/A	0.00194857	0.999963	3.65091e-05	5.95554e-06	0.999994
N/A	0.00194906	0.999963	3.72978e-05	3.90379e-06	0.999996
N/A	0.00194922	0.999962	3.78084e-05	1.49734e-09	1
N/A	0.00195002	0.999949	5.0981e-05	1.46362e-08	1
N/A	0.0019502	0.999953	4.73323e-05	4.82511e-07	1
N/A	0.00195158	0.999973	2.71019e-05	1.96681e-09	1
N/A	0.00195232	0.999968	3.24787e-05	0.000364955	0.999635
N/A	0.00195256	0.999975	2.49252e-05	1.62163e-08	1
N/A	0.00195269	0.999965	3.47582e-05	0.000501761	0.999498
N/A	0.00195341	0.999965	3.5016e-05	2.96428e-08	1
N/A	0.00195412	0.999974	2.61723e-05	2.46341e-07	1
N/A	0.00195421	0.999961	3.87409e-05	5.15284e-08	1
N/A	0.0019544	0.999965	3.54744e-05	0.000270956	0.999729
N/A	0.00195456	0.999951	4.91422e-05	1.11468e-06	0.999999
N/A	0.00195483	0.999974	2.58724e-05	0.000272709	0.999727
N/A	0.00195501	0.999966	3.39245e-05	8.29674e-07	0.999999
N/A	0.00195503	0.999973	2.72816e-05	9.60683e-07	0.999999
N/A	0.00195634	0.999965	3.46974e-05	9.38987e-07	0.999999
N/A	0.00195668	0.999968	3.24772e-05	2.57943e-06	0.999997
N/A	0.00195741	0.99997	2.95875e-05	5.68281e-07	0.999999
N/A	0.00195805	0.999962	3.76592e-05	0.000471948	0.999528
N/A	0.00195847	0.999958	4.20288e-05	0.000995979	0.999004
N/A	0.00195868	0.999967	3.25343e-05	0.000222709	0.999777
N/A	0.00195885	0.999962	3.75811e-05	8.01435e-07	0.999999
N/A	0.00195933	0.999966	3.35431e-05	2.52546e-05	0.999975
N/A	0.00195988	0.99997	2.95394e-05	2.53473e-05	0.999975
N/A	0.00196071	0.999969	3.1356e-05	1.92289e-05	0.999981
N/A	0.00196088	0.999968	3.24703e-05	1.03326e-09	1
N/A	0.00196278	0.999976	2.40753e-05	0.000138939	0.999861
N/A	0.0019628	0.999974	2.60891e-05	7.9132e-07	0.999999
N/A	0.00196286	0.999968	3.20376e-05	2.77678e-06	0.999997
N/A	0.00196346	0.999955	4.48334e-05	2.61743e-06	0.999997
N/A	0.00196388	0.999967	3.30494e-05	0.000311979	0.999688
N/A	0.00196442	0.99997	3.02006e-05	4.39009e-06	0.999996
N/A	0.00196459	0.999964	3.61652e-05	2.89828e-05	0.999971
N/A	0.00196566	0.999977	2.28337e-05	3.81166e-06	0.999996
N/A	0.00196683	0.999963	3.71736e-05	6.40716e-05	0.999936
N/A	0.00196725	0.999967	3.26287e-05	2.15277e-09	1
N/A	0.00196727	0.999961	3.9071e-05	9.54335e-06	0.99999
N/A	0.00196742	0.999967	3.32877e-05	2.12552e-06	0.999998
N/A	0.00196751	0.999973	2.67883e-05	9.57436e-05	0.999904
N/A	0.00196764	0.999964	3.64065e-05	1.17825e-06	0.999999
N/A	0.00196818	0.999969	3.05544e-05	0.000700843	0.999299
N/A	0.00196836	0.999972	2.80525e-05	1.86123e-05	0.999981
N/A	0.00196918	0.999968	3.18641e-05	2.01988e-09	1
N/A	0.00196922	0.999978	2.20977e-05	6.68589e-05	0.999933
N/A	0.0019696	0.999956	4.44633e-05	0.000615288	0.999385
N/A	0.00196972	0.999959	4.07551e-05	1.73969e-06	0.999998
N/A	0.00196984	0.999954	4.58591e-05	1.4347e-07	1
N/A	0.0019701	0.999968	3.19367e-05	1.44564e-06	0.999999
N/A	0.00197019	0.999968	3.24115e-05	0.00022548	0.999775
N/A	0.00197029	0.999974	2.63391e-05	0.000551567	0.999448
N/A	0.00197043	0.999953	4.65607e-05	4.98364e-06	0.999995
N/A	0.0019708	0.999974	2.55528e-05	1.23568e-09	1
N/A	0.00197088	0.999956	4.35957e-05	9.16566e-07	0.999999
N/A	0.00197111	0.999964	3.64993e-05	2.92195e-05	0.999971
N/A	0.00197121	0.999964	3.6424e-05	4.79442e-05	0.999952
N/A	0.00197127	0.999969	3.12737e-05	9.96071e-08	1
N/A	0.00197143	0.999966	3.38007e-05	0.000129011	0.999871
N/A	0.00197147	0.999962	3.80792e-05	6.48083e-07	0.999999
N/A	0.00197171	0.999961	3.86645e-05	1.97602e-08	1
N/A	0.00197185	0.999968	3.2388e-05	3.77237e-07	1
N/A	0.00197232	0.999952	4.76349e-05	2.11568e-08	1
N/A	0.00197239	0.999974	2.56931e-05	1.59876e-07	1
N/A	0.00197256	0.999967	3.25026e-05	5.97394e-05	0.99994
N/A	0.00197269	0.999963	3.72308e-05	3.43534e-06	0.999997
N/A	0.00197319	0.999964	3.58281e-05	4.87173e-07	1
N/A	0.0019738	0.999965	3.51362e-05	7.42571e-07	0.999999
N/A	0.00197399	0.999957	4.28725e-05	6.04386e-05	0.99994
N/A	0.00197403	0.999967	3.34452e-05	3.96335e-05	0.99996
N/A	0.00197445	0.99996	4.02466e-05	0.000944503	0.999055
N/A	0.00197507	0.999967	3.2601e-05	0.000197758	0.999802
N/A	0.00197551	0.999965	3.47883e-05	1.87341e-06	0.999998
N/A	0.00197567	0.999971	2.94417e-05	7.24965e-06	0.999993
N/A	0.00197585	0.999975	2.526e-05	0.000220782	0.999779
N/A	0.00197609	0.999976	2.37184e-05	0.000362388	0.999638
N/A	0.00197617	0.999952	4.80064e-05	5.14398e-07	0.999999
N/A	0.00197626	0.999952	4.76029e-05	0.000211679	0.999788
N/A	0.00197632	0.999964	3.62776e-05	0.000741295	0.999259
N/A	0.00197673	0.99997	3.02419e-05	5.19143e-09	1
N/A	0.00197742	0.999964	3.63103e-05	1.48367e-06	0.999999
N/A	0.00197748	0.999963	3.66437e-05	4.35265e-08	1
N/A	0.0019779	0.999945	5.52796e-05	1.94624e-05	0.999981
N/A	0.00197881	0.999967	3.25161e-05	1.9807e-06	0.999998
N/A	0.00197884	0.999957	4.29675e-05	2.6907e-07	1
N/A	0.001979	0.999965	3.52736e-05	1.30966e-06	0.999999
N/A	0.00197904	0.999962	3.77309e-05	1.28103e-08	1
N/A	0.00197915	0.999971	2.93937e-05	2.65332e-05	0.999973
N/A	0.00197927	0.999971	2.93332e-05	0.000237513	0.999762
N/A	0.00197931	0.999971	2.94476e-05	6.29351e-05	0.999937
N/A	0.00197959	0.999962	3.77416e-05	6.52154e-09	1
N/A	0.00197961	0.999953	4.654e-05	0.000195471	0.999805
N/A	0.00197968	0.999963	3.70023e-05	2.27536e-07	1
N/A	0.00197971	0.999959	4.1142e-05	2.15005e-08	1
N/A	0.00198018	0.999963	3.69873e-05	6.08069e-06	0.999994
N/A	0.00198031	0.999964	3.63795e-05	0.000191687	0.999808
N/A	0.00198079	0.999968	3.16786e-05	5.03667e-06	0.999995
N/A	0.00198085	0.999961	3.8895e-05	7.69769e-09	1
N/A	0.00198106	0.999965	3.46652e-05	7.88451e-08	1
N/A	0.00198134	0.999968	3.16926e-05	3.85064e-07	1
N/A	0.00198164	0.999965	3.45309e-05	5.60338e-06	0.999994
N/A	0.0019817	0.999954	4.59511e-05	2.1025e-05	0.999979
N/A	0.00198187	0.999961	3.92549e-05	4.09321e-05	0.999959
N/A	0.00198199	0.999964	3.56706e-05	5.62408e-06	0.999994
N/A	0.00198199	0.999959	4.06316e-05	2.55522e-05	0.999974
N/A	0.00198229	0.999971	2.94127e-05	2.45429e-06	0.999998
N/A	0.00198248	0.999969	3.0671e-05	7.43462e-07	0.999999
N/A	0.00198269	0.999962	3.7813e-05	0.000100742	0.999899
N/A	0.00198275	0.999967	3.31692e-05	0.000266021	0.999734
N/A	0.00198307	0.999962	3.75025e-05	6.46047e-06	0.999994
N/A	0.00198308	0.999964	3.58335e-05	2.68346e-09	1
N/A	0.00198308	0.999968	3.23186e-05	4.32969e-09	1
N/A	0.00198318	0.999961	3.92369e-05	2.1428e-05	0.999979
N/A	0.00198323	0.999972	2.75371e-05	0.00036758	0.999632
N/A	0.00198324	0.999969	3.08214e-05	1.65789e-05	0.999983
N/A	0.00198336	0.999974	2.62126e-05	1.00461e-06	0.999999
N/A	0.00198359	0.999961	3.91026e-05	2.07525e-05	0.999979
N/A	0.00198424	0.999969	3.10518e-05	4.60055e-07	1
N/A	0.00198434	0.999961	3.94831e-05	1.9007e-09	1
N/A	0.00198461	0.999979	2.1393e-05	6.56741e-06	0.999993
N/A	0.00198507	0.99996	3.97585e-05	6.90384e-05	0.999931
N/A	0.00198512	0.99997	3.01755e-05	7.06008e-07	0.999999
N/A	0.00198512	0.999962	3.77353e-05	2.63281e-06	0.999997
N/A	0.00198535	0.999967	3.33582e-05	1.03017e-06	0.999999
N/A	0.00198557	0.999965	3.53968e-05	4.2698e-07	1
N/A	0.00198562	0.999964	3.56851e-05	1.09438e-06	0.999999
N/A	0.00198567	0.999968	3.18751e-05	1.03621e-08	1
N/A	0.0019863	0.999961	3.87513e-05	3.82275e-07	1
N/A	0.00198653	0.999955	4.54494e-05	5.97312e-06	0.999994
N/A	0.00198655	0.999962	3.83276e-05	0.000128689	0.999871
N/A	0.00198658	0.999966	3.39129e-05	0.000132452	0.999868
N/A	0.00198678	0.999946	5.39947e-05	0.00018144	0.999819
N/A	0.00198689	0.999961	3.9338e-05	2.74207e-09	1
N/A	0.00198708	0.999965	3.50577e-05	9.2386e-06	0.999991
N/A	0.00198722	0.999967	3.31925e-05	6.44719e-05	0.999936
N/A	0.00198726	0.999974	2.62928e-05	4.17948e-08	1
N/A	0.00198745	0.999975	2.53687e-05	1.00568e-05	0.99999
N/A	0.0019875	0.999957	4.31807e-05	3.69931e-07	1
N/A	0.00198786	0.999969	3.06092e-05	2.41738e-09	1
N/A	0.00198798	0.999956	4.44538e-05	7.7314e-07	0.999999
N/A	0.00198844	0.999961	3.87143e-05	3.73195e-06	0.999996
N/A	0.00198845	0.999959	4.05709e-05	4.42047e-05	0.999956
N/A	0.00198848	0.99996	4.04674e-05	0.000591822	0.999408
N/A	0.00198875	0.999957	4.31606e-05	3.86035e-08	1
N/A	0.00198893	0.999965	3.45855e-05	2.54457e-07	1
N/A	0.00198895	0.999952	4.81444e-05	1.51031e-06	0.999998
N/A	0.00198899	0.999948	5.16778e-05	4.91868e-09	1
N/A	0.00198921	0.999956	4.44371e-05	9.54142e-07	0.999999
N/A	0.00198942	0.999957	4.32539e-05	1.38519e-09	1
N/A	0.0019896	0.999964	3.60984e-05	6.9804e-09	1
N/A	0.00198964	0.999961	3.86728e-05	3.32776e-06	0.999997
N/A	0.00198973	0.999977	2.29851e-05	0.000603723	0.999396
N/A	0.00198993	0.999957	4.34091e-05	1.61305e-08	1
N/A	0.00199011	0.999971	2.85931e-05	3.02264e-05	0.99997
N/A	0.00199014	0.999963	3.71842e-05	2.90882e-05	0.999971
N/A	0.00199019	0.999966	3.36781e-05	0.000245033	0.999755
N/A	0.0019904	0.999969	3.10387e-05	5.85177e-06	0.999994
N/A	0.00199043	0.999961	3.89872e-05	3.97632e-09	1
N/A	0.00199052	0.999956	4.37986e-05	1.67197e-08	1
N/A	0.00199087	0.999963	3.7195e-05	1.55838e-07	1
N/A	0.00199088	0.999961	3.93302e-05	1.48898e-08	1
N/A	0.00199146	0.999975	2.52381e-05	4.22887e-09	1
N/A	0.00199157	0.99998	2.00085e-05	2.05681e-08	1
N/A	0.00199185	0.999947	5.27391e-05	8.92302e-08	1
N/A	0.001992	0.999965	3.47788e-05	0.000429554	0.99957
N/A	0.00199208	0.999955	4.54963e-05	1.53449e-09	1
N/A	0.00199237	0.999973	2.7111e-05	4.4956e-08	1
N/A	0.00199247	0.999978	2.16284e-05	5.62141e-05	0.999944
N/A	0.00199247	0.999963	3.66728e-05	5.09044e-07	0.999999
N/A	0.00199255	0.999964	3.63995e-05	0.000560102	0.99944
N/A	0.00199265	0.999974	2.58701e-05	1.93201e-05	0.999981
N/A	0.00199268	0.99996	4.02858e-05	1.68838e-07	1
N/A	0.00199282	0.999967	3.31716e-05	2.47423e-08	1
N/A	0.00199305	0.99998	2.02896e-05	0.000112266	0.999888
N/A	0.00199306	0.999968	3.1593e-05	8.49614e-09	1
N/A	0.00199307	0.999967	3.274e-05	4.02661e-07	1
N/A	0.0019931	0.999953	4.69515e-05	8.18183e-07	0.999999
N/A	0.00199314	0.99995	4.98422e-05	7.2321e-07	0.999999
N/A	0.00199352	0.999962	3.79443e-05	3.65209e-05	0.999963
N/A	0.0019936	0.999962	3.78872e-05	0.00098688	0.999013
N/A	0.00199368	0.999971	2.88364e-05	1.74164e-05	0.999983
N/A	0.00199381	0.999974	2.62189e-05	9.26307e-09	1
N/A	0.00199399	0.999952	4.75669e-05	4.48067e-07	1
N/A	0.00199413	0.999954	4.61444e-05	0.000227244	0.999773
N/A	0.00199417	0.999975	2.51611e-05	2.37616e-05	0.999976
N/A	0.00199421	0.999958	4.23003e-05	7.05943e-09	1
N/A	0.00199429	0.999969	3.14516e-05	1.16092e-09	1
N/A	0.00199462	0.999969	3.05254e-05	1.28864e-06	0.999999
N/A	0.00199466	0.999977	2.25926e-05	1.27075e-08	1
N/A	0.00199473	0.999971	2.9399e-05	0.000969365	0.999031
N/A	0.00199496	0.999961	3.91976e-05	2.95445e-06	0.999997
N/A	0.00199524	0.99996	4.00657e-05	7.89531e-07	0.999999
N/A	0.00199543	0.99996	4.04021e-05	0.000145435	0.999855
N/A	0.00199548	0.999959	4.09301e-05	1.18208e-05	0.999988
N/A	0.00199549	0.999964	3.57469e-05	2.06522e-09	1
N/A	0.00199567	0.99997	2.96226e-05	1.32646e-08	1
N/A	0.00199588	0.99996	3.98061e-05	3.19093e-09	1
N/A	0.00199616	0.999961	3.88826e-05	8.95695e-05	0.99991
N/A	0.00199622	0.999967	3.30089e-05	7.97855e-09	1
N/A	0.00199639	0.999967	3.29779e-05	1.27112e-06	0.999999
N/A	0.00199666	0.999963	3.71308e-05	5.9375e-08	1
N/A	0.00199667	0.999968	3.15068e-05	0.000152731	0.999847
N/A	0.00199723	0.999957	4.33916e-05	1.15681e-07	1
N/A	0.00199729	0.999964	3.59058e-05	9.46973e-05	0.999905
N/A	0.00199736	0.999971	2.91596e-05	0.000349796	0.99965
N/A	0.00199736	0.999968	3.21504e-05	4.32416e-08	1
N/A	0.00199759	0.999959	4.0568e-05	4.01847e-07	1
N/A	0.00199764	0.999969	3.12649e-05	0.000141351	0.999859
N/A	0.00199765	0.999975	2.53198e-05	1.18214e-05	0.999988
N/A	0.00199769	0.99998	2.02667e-05	0.000481244	0.999519
N/A	0.00199781	0.999959	4.08507e-05	5.19421e-08	1
N/A	0.00199784	0.999964	3.60438e-05	3.29781e-07	1
N/A	0.00199787	0.999962	3.7636e-05	0.000441463	0.999559
N/A	0.00199794	0.999983	1.743e-05	2.35941e-06	0.999998
N/A	0.0019982	0.999963	3.71577e-05	7.70537e-06	0.999992
N/A	0.00199823	0.999959	4.11245e-05	0.000149447	0.999851
N/A	0.00199841	0.999977	2.29651e-05	1.41831e-07	1
N/A	0.00199856	0.999965	3.4592e-05	4.47425e-05	0.999955
N/A	0.00199857	0.999974	2.60317e-05	6.28123e-07	0.999999
N/A	0.00199867	0.999957	4.25885e-05	3.06512e-06	0.999997
N/A	0.00199892	0.999955	4.50046e-05	1.07921e-09	1
N/A	0.0019991	0.999964	3.60182e-05	1.40805e-05	0.999986
N/A	0.00199911	0.99995	4.97486e-05	5.29339e-05	0.999947
N/A	0.0019992	0.999977	2.28488e-05	1.76985e-08	1
N/A	0.00199933	0.999958	4.21681e-05	9.04854e-08	1
N/A	0.00199939	0.999957	4.27284e-05	6.81154e-09	1
N/A	0.00199954	0.999965	3.49292e-05	4.83325e-08	1
N/A	0.00199956	0.999971	2.89396e-05	2.13342e-05	0.999979
N/A	0.00199961	0.999957	4.34321e-05	4.57804e-07	1
N/A	0.00199961	0.999976	2.43044e-05	2.02028e-05	0.99998
N/A	0.00199966	0.999962	3.77555e-05	3.5791e-09	1
N/A	0.00199975	0.999955	4.53424e-05	0.000409537	0.99959
N/A	0.00199988	0.999954	4.55762e-05	4.32486e-08	1
N/A	0.00199989	0.999964	3.61504e-05	2.65753e-09	1
N/A	0.00199995	0.99997	2.95654e-05	5.22257e-05	0.999948
N/A	0.00200002	0.999966	3.39593e-05	6.6814e-09	1
N/A	0.00200004	0.999968	3.249e-05	1.05141e-06	0.999999
N/A	0.00200031	0.999979	2.12052e-05	7.90322e-07	0.999999
N/A	0.00200039	0.999961	3.85396e-05	2.31753e-07	1
N/A	0.00200045	0.999963	3.70191e-05	4.15661e-08	1
N/A	0.00200066	0.999967	3.27839e-05	8.42084e-05	0.999916
N/A	0.00200076	0.999963	3.69886e-05	1.3199e-07	1
N/A	0.00200081	0.999973	2.67363e-05	3.00645e-09	1
N/A	0.00200082	0.999971	2.85816e-05	0.000559217	0.999441
N/A	0.00200091	0.999969	3.10627e-05	2.47115e-05	0.999975
N/A	0.00200098	0.999966	3.41194e-05	3.30035e-09	1
N/A	0.00200119	0.999968	3.19351e-05	7.57157e-06	0.999992
N/A	0.00200122	0.999972	2.78774e-05	5.10177e-05	0.999949
N/A	0.00200152	0.999974	2.61322e-05	1.23465e-09	1
N/A	0.00200155	0.999965	3.4651e-05	1.12192e-07	1
N/A	0.00200169	0.999969	3.07698e-05	1.70644e-07	1
N/A	0.00200177	0.999954	4.60216e-05	3.58667e-05	0.999964
N/A	0.00200199	0.999964	3.60991e-05	3.5763e-07	1
N/A	0.00200199	0.999959	4.12582e-05	9.8844e-06	0.99999
N/A	0.00200208	0.999959	4.12616e-05	4.06189e-05	0.999959
N/A	0.00200213	0.99996	3.95676e-05	3.02824e-05	0.99997
N/A	0.00200217	0.999951	4.85104e-05	0.000662988	0.999337
N/A	0.00200244	0.999969	3.11929e-05	1.0186e-08	1
N/A	0.00200268	0.999968	3.23962e-05	2.51607e-05	0.999975
N/A	0.00200272	0.999949	5.05321e-05	4.30408e-09	1
N/A	0.00200275	0.999971	2.90906e-05	4.40348e-07	1
N/A	0.00200285	0.999963	3.70685e-05	7.78366e-08	1
N/A	0.00200313	0.999961	3.86253e-05	4.582e-07	1
N/A	0.00200323	0.999981	1.91067e-05	2.30408e-06	0.999998
N/A	0.00200343	0.999975	2.54689e-05	1.10956e-08	1
N/A	0.00200361	0.999971	2.9321e-05	3.5199e-09	1
N/A	0.00200361	0.999967	3.32022e-05	6.60727e-07	0.999999
N/A	0.00200364	0.999958	4.19777e-05	1.63229e-05	0.999984
N/A	0.00200371	0.999974	2.5524e-05	1.13313e-06	0.999999
N/A	0.00200372	0.999964	3.60538e-05	2.28632e-09	1
N/A	0.00200377	0.999967	3.30701e-05	1.23782e-06	0.999999
N/A	0.00200379	0.999971	2.87005e-05	2.45479e-07	1
N/A	0.00200387	0.999964	3.63975e-05	0.000108818	0.999891
N/A	0.00200397	0.999965	3.51061e-05	6.78979e-05	0.999932
N/A	0.00200418	0.999972	2.78922e-05	5.68344e-08	1
N/A	0.00200422	0.999952	4.78948e-05	0.000272011	0.999728
N/A	0.00200423	0.999982	1.75649e-05	3.2535e-08	1
N/A	0.00200431	0.999975	2.48376e-05	6.30255e-05	0.999937
N/A	0.00200437	0.999957	4.3279e-05	3.71792e-06	0.999996
N/A	0.00200441	0.999948	5.21267e-05	5.6523e-09	1
N/A	0.00200459	0.999969	3.12085e-05	2.59098e-07	1
N/A	0.00200471	0.999975	2.45562e-05	1.3357e-06	0.999999
N/A	0.00200483	0.999969	3.07327e-05	1.30223e-06	0.999999
N/A	0.00200485	0.99996	4.04732e-05	2.86799e-08	1
N/A	0.00200489	0.999955	4.51747e-05	3.31505e-09	1
N/A	0.00200496	0.999957	4.30598e-05	2.85921e-05	0.999971
N/A	0.00200501	0.999959	4.11781e-05	3.28707e-05	0.999967
N/A	0.00200504	0.999954	4.61162e-05	1.5764e-07	1
N/A	0.00200509	0.999969	3.12551e-05	0.000140373	0.99986
N/A	0.00200523	0.999967	3.26544e-05	4.89784e-08	1
N/A	0.00200555	0.999964	3.62097e-05	6.3935e-07	0.999999
N/A	0.0020056	0.999977	2.34491e-05	0.000265428	0.999735
N/A	0.00200566	0.999966	3.35271e-05	0.000434097	0.999566
N/A	0.00200592	0.999962	3.76463e-05	7.32214e-08	1
N/A	0.00200597	0.999973	2.66167e-05	3.3897e-07	1
N/A	0.00200617	0.999961	3.89708e-05	1.06531e-05	0.999989
N/A	0.00200626	0.999966	3.42556e-05	5.76949e-09	1
N/A	0.00200665	0.999957	4.27402e-05	0.000371298	0.999629
N/A	0.00200689	0.999959	4.12414e-05	1.5448e-09	1
N/A	0.00200699	0.999959	4.11695e-05	2.72394e-07	1
N/A	0.00200699	0.999964	3.58158e-05	1.50317e-07	1
N/A	0.00200707	0.999952	4.76075e-05	0.000992657	0.999007
N/A	0.00200722	0.999965	3.47161e-05	2.18898e-05	0.999978
N/A	0.00200735	0.999974	2.62226e-05	1.64288e-06	0.999998
N/A	0.00200735	0.999942	5.7801e-05	2.16741e-05	0.999978
N/A	0.00200741	0.999969	3.09591e-05	1.72164e-09	1
N/A	0.00200742	0.999967	3.25212e-05	4.74595e-08	1
N/A	0.00200775	0.999958	4.21253e-05	1.43577e-06	0.999999
N/A	0.00200782	0.999961	3.94151e-05	4.8059e-05	0.999952
N/A	0.00200816	0.999965	3.49188e-05	1.02517e-09	1
N/A	0.00200825	0.999976	2.39935e-05	7.99426e-05	0.99992
N/A	0.00200827	0.99997	2.9765e-05	6.67697e-07	0.999999
N/A	0.00200838	0.999953	4.74704e-05	3.64974e-06	0.999996
N/A	0.00200855	0.999984	1.57956e-05	1.65867e-05	0.999983
N/A	0.00200856	0.999957	4.33196e-05	4.12733e-09	1
N/A	0.00200865	0.999956	4.44857e-05	0.000457231	0.999543
N/A	0.00200889	0.999968	3.24389e-05	5.45874e-06	0.999995
N/A	0.00200906	0.999973	2.65102e-05	1.05856e-08	1
N/A	0.00200911	0.999976	2.42382e-05	2.39593e-05	0.999976
N/A	0.00200918	0.999964	3.56263e-05	2.70449e-05	0.999973
N/A	0.00200933	0.999961	3.90357e-05	1.51894e-07	1
N/A	0.0020094	0.999974	2.6255e-05	1.5914e-07	1
N/A	0.0020095	0.999955	4.49695e-05	0.000110769	0.999889
N/A	0.00200967	0.999956	4.42497e-05	9.61945e-08	1
N/A	0.00200979	0.99998	2.0256e-05	0.000145199	0.999855
N/A	0.00200983	0.999952	4.83188e-05	0.000183644	0.999816
N/A	0.00200983	0.99995	4.95815e-05	7.05665e-06	0.999993
N/A	0.00200984	0.999958	4.237e-05	7.87448e-06	0.999992
N/A	0.00200985	0.999956	4.39274e-05	1.87654e-06	0.999998
N/A	0.00201014	0.999946	5.44357e-05	0.000617433	0.999383
N/A	0.00201018	0.999959	4.12692e-05	5.67974e-05	0.999943
N/A	0.0020102	0.999967	3.29052e-05	1.44381e-08	1
N/A	0.00201023	0.999964	3.59445e-05	1.15568e-07	1
N/A	0.00201024	0.999961	3.90557e-05	5.07149e-08	1
N/A	0.00201027	0.99995	4.96371e-05	0.000180684	0.999819
N/A	0.00201042	0.999955	4.48475e-05	6.01667e-05	0.99994
N/A	0.00201047	0.999961	3.88387e-05	0.000108681	0.999891
N/A	0.00201066	0.99995	5.04976e-05	6.41485e-07	0.999999
N/A	0.00201069	0.999962	3.75946e-05	1.08812e-07	1
N/A	0.00201075	0.999959	4.13871e-05	6.07858e-09	1
N/A	0.00201078	0.999975	2.51208e-05	2.39977e-08	1
N/A	0.00201078	0.999968	3.24717e-05	2.34615e-06	0.999998
N/A	0.00201091	0.999973	2.72018e-05	5.69638e-05	0.999943
N/A	0.00201092	0.999971	2.86498e-05	4.5194e-06	0.999995
N/A	0.00201115	0.999964	3.61033e-05	2.75e-07	1
N/A	0.00201118	0.999981	1.86367e-05	6.37827e-07	0.999999
N/A	0.00201133	0.999974	2.63447e-05	5.95579e-09	1
N/A	0.0020114	0.999963	3.74119e-05	3.20602e-08	1
N/A	0.00201148	0.999957	4.34875e-05	2.71438e-07	1
N/A	0.00201163	0.999971	2.91437e-05	1.57976e-06	0.999998
N/A	0.00201175	0.999977	2.32028e-05	3.78074e-05	0.999962
N/A	0.00201177	0.999958	4.21377e-05	8.78437e-08	1
N/A	0.0020118	0.999948	5.1846e-05	7.51309e-05	0.999925
N/A	0.0020118	0.999965	3.518e-05	9.22262e-07	0.999999
N/A	0.00201184	0.999969	3.05015e-05	1.14476e-05	0.999989
N/A	0.00201205	0.999962	3.77416e-05	6.53393e-07	0.999999
N/A	0.00201205	0.999969	3.14378e-05	5.6144e-09	1
N/A	0.00201209	0.999975	2.51399e-05	7.01521e-08	1
N/A	0.00201212	0.999969	3.11973e-05	4.10099e-08	1
N/A	0.00201214	0.999951	4.92492e-05	1.671e-08	1
N/A	0.00201225	0.999971	2.87631e-05	6.58188e-05	0.999934
N/A	0.00201228	0.999964	3.55915e-05	3.40023e-08	1
N/A	0.00201237	0.999957	4.30769e-05	3.04162e-06	0.999997
N/A	0.00201238	0.99997	2.99778e-05	2.12105e-06	0.999998
N/A	0.00201246	0.999968	3.21838e-05	2.35204e-06	0.999998
N/A	0.00201249	0.999956	4.40249e-05	4.49649e-09	1
N/A	0.00201253	0.999963	3.66371e-05	0.00068968	0.99931
N/A	0.00201267	0.999967	3.26353e-05	0.000206642	0.999793
N/A	0.0020129	0.999962	3.79448e-05	8.04012e-05	0.99992
N/A	0.00201294	0.999952	4.81495e-05	0.000188548	0.999811
N/A	0.00201302	0.99997	3.03706e-05	9.73415e-05	0.999903
N/A	0.00201306	0.999961	3.9063e-05	1.44689e-05	0.999986
N/A	0.0020132	0.999962	3.80026e-05	0.000202849	0.999797
N/A	0.00201321	0.999962	3.76948e-05	0.000110206	0.99989
N/A	0.00201324	0.99996	3.99212e-05	1.80634e-09	1
N/A	0.00201325	0.999961	3.90593e-05	2.71632e-06	0.999997
N/A	0.00201335	0.999976	2.36135e-05	3.45366e-06	0.999997
N/A	0.00201338	0.999942	5.80042e-05	9.36401e-09	1
N/A	0.00201359	0.999965	3.47074e-05	8.75837e-06	0.999991
N/A	0.00201382	0.999967	3.25158e-05	5.10805e-09	1
N/A	0.00201396	0.999963	3.68383e-05	1.3701e-08	1
N/A	0.00201404	0.999962	3.8455e-05	4.36148e-08	1
N/A	0.00201406	0.999962	3.80182e-05	5.30224e-06	0.999995
N/A	0.0020141	0.99995	4.96349e-05	8.73645e-07	0.999999
N/A	0.00201448	0.999971	2.90122e-05	4.79929e-09	1
N/A	0.00201453	0.99996	4.00744e-05	0.00018341	0.999817
N/A	0.00201454	0.999972	2.82031e-05	8.66618e-09	1
N/A	0.00201462	0.99996	4.01307e-05	7.39303e-07	0.999999
N/A	0.00201479	0.999979	2.14773e-05	1.80396e-05	0.999982
N/A	0.00201501	0.999962	3.7593e-05	0.000140493	0.99986
N/A	0.00201503	0.999964	3.5782e-05	0.000846787	0.999153
N/A	0.00201506	0.999947	5.25794e-05	4.99007e-06	0.999995
N/A	0.0020151	0.999967	3.25902e-05	1.97799e-05	0.99998
N/A	0.00201524	0.99996	4.04638e-05	2.55782e-06	0.999997
N/A	0.00201526	0.999958	4.24472e-05	1.74034e-07	1
N/A	0.00201532	0.999949	5.10243e-05	0.000348664	0.999651
N/A	0.00201554	0.999978	2.24455e-05	1.13094e-05	0.999989
N/A	0.00201559	0.999952	4.79461e-05	2.18786e-06	0.999998
N/A	0.00201562	0.99996	4.0306e-05	2.41603e-06	0.999998
N/A	0.00201562	0.999962	3.79369e-05	2.76345e-05	0.999972
N/A	0.00201563	0.999969	3.14046e-05	5.09886e-08	1
N/A	0.00201588	0.999949	5.05909e-05	2.33718e-05	0.999977
N/A	0.00201589	0.999973	2.66036e-05	5.29918e-08	1
N/A	0.00201608	0.999954	4.56743e-05	1.21858e-06	0.999999
N/A	0.00201622	0.999962	3.77526e-05	7.29714e-09	1
N/A	0.00201625	0.999973	2.69416e-05	0.000350656	0.999649
N/A	0.00201625	0.999952	4.78177e-05	1.09879e-07	1
N/A	0.00201641	0.999972	2.84776e-05	3.15696e-06	0.999997
N/A	0.00201652	0.999961	3.88782e-05	5.18733e-06	0.999995
N/A	0.00201656	0.999979	2.14691e-05	8.50113e-06	0.999991
N/A	0.00201668	0.999958	4.23196e-05	3.38201e-08	1
N/A	0.00201675	0.999944	5.56306e-05	0.000142899	0.999857
N/A	0.00201705	0.999978	2.24799e-05	7.33792e-07	0.999999
N/A	0.00201717	0.999947	5.33494e-05	7.93237e-09	1
N/A	0.00201722	0.999972	2.75191e-05	1.5821e-05	0.999984
N/A	0.00201722	0.999963	3.68557e-05	7.87627e-06	0.999992
N/A	0.00201722	0.999964	3.58143e-05	1.1687e-07	1
N/A	0.00201723	0.999951	4.93234e-05	4.10441e-06	0.999996
N/A	0.00201726	0.999964	3.6114e-05	0.000372412	0.999628
N/A	0.00201728	0.999969	3.07296e-05	3.66349e-06	0.999996
N/A	0.0020175	0.999965	3.46607e-05	8.43681e-07	0.999999
N/A	0.00201757	0.999965	3.53023e-05	2.77287e-06	0.999997
N/A	0.00201761	0.999962	3.7545e-05	9.81818e-09	1
N/A	0.00201761	0.999961	3.89572e-05	7.69465e-06	0.999992
N/A	0.00201773	0.999972	2.84196e-05	1.72401e-09	1
N/A	0.00201781	0.999971	2.91817e-05	0.000913611	0.999086
N/A	0.00201803	0.999964	3.58304e-05	6.44826e-05	0.999936
N/A	0.00201815	0.999971	2.91621e-05	1.17732e-09	1
N/A	0.00201815	0.999942	5.83297e-05	2.04006e-05	0.99998
N/A	0.00201831	0.999959	4.13942e-05	3.3252e-07	1
N/A	0.00201832	0.999979	2.08209e-05	1.01024e-05	0.99999
N/A	0.00201833	0.999976	2.43977e-05	1.95392e-05	0.99998
N/A	0.00201835	0.99997	2.99054e-05	0.00023521	0.999765
N/A	0.00201835	0.999958	4.15478e-05	7.46448e-09	1
N/A	0.00201841	0.999965	3.54953e-05	0.000299036	0.999701
N/A	0.00201848	0.999968	3.15113e-05	1.60428e-07	1
N/A	0.00201859	0.999965	3.54343e-05	7.76466e-08	1
N/A	0.00201887	0.999964	3.56933e-05	9.06064e-08	1
N/A	0.00201895	0.999968	3.23385e-05	7.06505e-08	1
N/A	0.00201904	0.999955	4.53902e-05	0.000317373	0.999683
N/A	0.00201907	0.999961	3.87026e-05	0.000430465	0.99957
N/A	0.00201908	0.99996	4.01158e-05	4.66341e-07	1
N/A	0.00201913	0.999961	3.93632e-05	1.14278e-08	1
N/A	0.00201916	0.999963	3.69678e-05	3.86984e-05	0.999961
N/A	0.00201923	0.999956	4.38843e-05	8.00762e-08	1
N/A	0.00201944	0.999967	3.30031e-05	2.04696e-06	0.999998
N/A	0.00201946	0.999959	4.10257e-05	7.19453e-07	0.999999
N/A	0.00201947	0.999964	3.55397e-05	3.8524e-05	0.999961
N/A	0.00201952	0.999959	4.12098e-05	1.47513e-05	0.999985
N/A	0.00201963	0.999957	4.25788e-05	2.79499e-07	1
N/A	0.00201979	0.999956	4.38218e-05	2.24571e-06	0.999998
N/A	0.00201987	0.99998	2.02061e-05	5.4637e-05	0.999945
N/A	0.00201988	0.999972	2.83872e-05	1.99223e-09	1
N/A	0.00201992	0.999965	3.47931e-05	0.000261792	0.999738
N/A	0.00202007	0.999955	4.53775e-05	1.14215e-05	0.999989
N/A	0.0020201	0.999956	4.40065e-05	3.95933e-05	0.99996
N/A	0.00202012	0.99997	3.01852e-05	5.14997e-08	1
N/A	0.00202014	0.999962	3.83754e-05	4.95075e-08	1
N/A	0.00202021	0.999971	2.92851e-05	3.65076e-05	0.999963
N/A	0.00202023	0.999956	4.41807e-05	9.11838e-09	1
N/A	0.00202027	0.999948	5.1799e-05	4.3359e-05	0.999957
N/A	0.00202031	0.999959	4.13993e-05	2.94806e-08	1
N/A	0.00202041	0.999953	4.72579e-05	3.09411e-06	0.999997
N/A	0.00202043	0.999957	4.27215e-05	7.27387e-06	0.999993
N/A	0.00202044	0.999967	3.29436e-05	1.37767e-09	1
N/A	0.00202056	0.999966	3.43592e-05	5.40858e-09	1
N/A	0.00202083	0.99996	3.99479e-05	6.83508e-06	0.999993
N/A	0.00202102	0.999959	4.13255e-05	4.0536e-08	1
N/A	0.0020211	0.99997	2.9821e-05	1.08211e-09	1
N/A	0.00202118	0.999977	2.33585e-05	4.18016e-07	1
N/A	0.00202119	0.999964	3.61439e-05	4.58048e-09	1
N/A	0.00202119	0.99997	3.01611e-05	1.6561e-07	1
N/A	0.0020212	0.999977	2.254e-05	2.2361e-06	0.999998
N/A	0.00202123	0.999951	4.92048e-05	0.000151879	0.999848
N/A	0.00202131	0.999948	5.23024e-05	2.28383e-07	1
N/A	0.00202146	0.999969	3.08322e-05	4.2381e-05	0.999958
N/A	0.00202157	0.99997	2.99805e-05	0.000730367	0.99927
N/A	0.00202159	0.999964	3.59256e-05	4.64172e-09	1
N/A	0.00202165	0.999952	4.84556e-05	2.93435e-08	1
N/A	0.00202171	0.999953	4.73408e-05	5.84147e-09	1
N/A	0.00202172	0.999953	4.73459e-05	8.01941e-08	1
N/A	0.00202176	0.999969	3.13256e-05	9.8698e-05	0.999901
N/A	0.00202196	0.999964	3.64936e-05	1.80439e-07	1
N/A	0.00202196	0.999979	2.06778e-05	0.000518299	0.999482
N/A	0.00202199	0.999958	4.17675e-05	8.39153e-07	0.999999
N/A	0.00202203	0.999974	2.5913e-05	5.25474e-08	1
N/A	0.00202204	0.999951	4.89536e-05	3.07471e-09	1
N/A	0.00202228	0.999957	4.26446e-05	1.89864e-08	1
N/A	0.0020224	0.999965	3.53523e-05	2.65203e-08	1
N/A	0.00202252	0.999956	4.35473e-05	2.40672e-05	0.999976
N/A	0.00202258	0.999963	3.74685e-05	1.96636e-07	1
N/A	0.00202259	0.99997	2.95992e-05	0.000106881	0.999893
N/A	0.00202279	0.999961	3.93776e-05	1.53767e-07	1
N/A	0.0020228	0.999973	2.73982e-05	2.01305e-09	1
N/A	0.00202283	0.999958	4.22163e-05	2.97891e-09	1
N/A	0.00202285	0.999954	4.5866e-05	2.25506e-07	1
N/A	0.00202286	0.999966	3.37818e-05	3.79822e-05	0.999962
N/A	0.00202288	0.999962	3.77806e-05	3.01808e-08	1
N/A	0.00202306	0.999962	3.84182e-05	4.43186e-07	1
N/A	0.0020232	0.999964	3.57545e-05	2.02642e-07	1
N/A	0.00202329	0.999969	3.11341e-05	7.67739e-05	0.999923
N/A	0.00202331	0.999963	3.72456e-05	2.86286e-08	1
N/A	0.00202331	0.999965	3.49078e-05	3.89826e-08	1
N/A	0.00202337	0.999974	2.62903e-05	2.87161e-08	1
N/A	0.00202337	0.99996	4.03637e-05	2.61282e-05	0.999974
N/A	0.00202352	0.999969	3.05275e-05	1.30698e-05	0.999987
N/A	0.0020236	0.999952	4.83795e-05	1.12083e-09	1
N/A	0.00202363	0.999957	4.34815e-05	6.46501e-06	0.999994
N/A	0.00202363	0.999971	2.91527e-05	1.11256e-06	0.999999
N/A	0.00202366	0.999954	4.64702e-05	3.98308e-09	1
N/A	0.00202374	0.999962	3.77229e-05	5.46437e-06	0.999995
N/A	0.00202386	0.999969	3.09847e-05	0.000250837	0.999749
N/A	0.00202401	0.999972	2.80073e-05	6.0161e-06	0.999994
N/A	0.00202406	0.999956	4.39652e-05	4.10077e-06	0.999996
N/A	0.00202429	0.999967	3.30426e-05	5.82946e-06	0.999994
N/A	0.00202432	0.999966	3.4214e-05	3.99631e-07	1
N/A	0.00202435	0.999957	4.34051e-05	3.45876e-06	0.999997
N/A	0.00202444	0.999973	2.67023e-05	2.66825e-08	1
N/A	0.0020245	0.999973	2.72428e-05	1.42367e-09	1
N/A	0.00202455	0.999967	3.26867e-05	2.70849e-06	0.999997
N/A	0.0020246	0.999974	2.57521e-05	0.000749703	0.99925
N/A	0.00202465	0.999962	3.84601e-05	3.24157e-06	0.999997
N/A	0.00202481	0.999968	3.21676e-05	0.000207392	0.999793
N/A	0.00202482	0.99996	4.02e-05	0.000134543	0.999865
N/A	0.00202483	0.999965	3.54691e-05	4.78166e-07	1
N/A	0.00202483	0.999963	3.72171e-05	9.84439e-05	0.999902
N/A	0.0020249	0.999948	5.22741e-05	6.96801e-08	1
N/A	0.00202509	0.999956	4.42935e-05	9.04979e-06	0.999991
N/A	0.00202526	0.999981	1.92767e-05	7.36107e-08	1
N/A	0.0020255	0.999962	3.8358e-05	6.19653e-06	0.999994
N/A	0.0020255	0.999968	3.21698e-05	2.23043e-08	1
N/A	0.00202552	0.999964	3.61167e-05	6.87098e-09	1
N/A	0.00202556	0.999962	3.77694e-05	3.73756e-06	0.999996
N/A	0.00202558	0.99997	2.95258e-05	5.62325e-07	0.999999
N/A	0.00202568	0.999966	3.39145e-05	1.99106e-08	1
N/A	0.00202577	0.99998	2.01159e-05	7.87074e-05	0.999921
N/A	0.00202587	0.999967	3.30408e-05	7.35772e-08	1
N/A	0.00202592	0.999953	4.68426e-05	4.03539e-09	1
N/A	0.00202593	0.999975	2.51895e-05	3.69236e-07	1
N/A	0.00202615	0.999954	4.60411e-05	7.21207e-09	1
N/A	0.00202616	0.999963	3.70217e-05	3.84849e-07	1
N/A	0.00202619	0.999954	4.59971e-05	1.03668e-08	1
N/A	0.00202624	0.999961	3.93198e-05	0.000441285	0.999559
N/A	0.00202633	0.999964	3.62737e-05	3.68549e-05	0.999963
N/A	0.00202637	0.999959	4.0778e-05	2.83379e-09	1
N/A	0.00202644	0.99996	3.98979e-05	3.54753e-07	1
N/A	0.00202644	0.999974	2.64991e-05	1.89241e-07	1
N/A	0.00202656	0.99996	3.99735e-05	9.16026e-08	1
N/A	0.00202658	0.999966	3.44889e-05	3.81117e-05	0.999962
N/A	0.00202663	0.999965	3.47247e-05	8.39917e-06	0.999992
N/A	0.00202671	0.999968	3.2023e-05	2.27602e-06	0.999998
N/A	0.0020268	0.999965	3.53512e-05	1.01437e-07	1
N/A	0.00202684	0.999951	4.94087e-05	8.4285e-09	1
N/A	0.002027	0.999971	2.88139e-05	2.20061e-08	1
N/A	0.00202708	0.999971	2.93393e-05	3.08314e-05	0.999969
N/A	0.0020271	0.999969	3.12716e-05	9.67143e-05	0.999903
N/A	0.00202721	0.999948	5.1826e-05	4.34429e-05	0.999957
N/A	0.00202738	0.999962	3.83142e-05	1.26998e-05	0.999987
N/A	0.00202748	0.999952	4.75953e-05	1.14675e-07	1
N/A	0.00202753	0.999962	3.76348e-05	4.38248e-08	1
N/A	0.00202753	0.999963	3.69266e-05	6.01716e-08	1
N/A	0.00202765	0.999967	3.32877e-05	3.97237e-09	1
N/A	0.00202766	0.999964	3.58482e-05	1.32551e-08	1
N/A	0.00202769	0.999948	5.24526e-05	1.74329e-09	1
N/A	0.0020277	0.999965	3.51083e-05	5.55141e-08	1
N/A	0.00202779	0.999965	3.52968e-05	6.69861e-09	1
N/A	0.00202784	0.999966	3.35644e-05	1.03487e-05	0.99999
N/A	0.00202787	0.99997	3.03293e-05	1.73604e-07	1
N/A	0.00202793	0.999954	4.58e-05	2.86681e-05	0.999971
N/A	0.00202798	0.999963	3.65574e-05	2.93572e-07	1
N/A	0.00202799	0.999964	3.63675e-05	8.74035e-09	1
N/A	0.0020281	0.999961	3.8615e-05	2.18322e-07	1
N/A	0.0020281	0.999955	4.51517e-05	0.000123106	0.999877
N/A	0.00202814	0.999966	3.3883e-05	1.73779e-07	1
N/A	0.00202814	0.999974	2.59292e-05	5.94782e-07	0.999999
N/A	0.00202823	0.99997	2.99309e-05	4.82827e-08	1
N/A	0.00202824	0.999971	2.94959e-05	2.36545e-05	0.999976
N/A	0.00202824	0.999972	2.77665e-05	4.61125e-08	1
N/A	0.00202839	0.999976	2.41853e-05	2.86465e-08	1
N/A	0.00202845	0.999952	4.78407e-05	1.24232e-08	1
N/A	0.00202858	0.999951	4.8683e-05	2.26846e-09	1
N/A	0.00202864	0.999955	4.475e-05	6.22572e-06	0.999994
N/A	0.00202872	0.999959	4.06744e-05	2.81853e-05	0.999972
N/A	0.00202872	0.999958	4.2052e-05	6.75536e-09	1
N/A	0.00202872	0.999954	4.57708e-05	0.000450818	0.999549
N/A	0.00202882	0.999958	4.15417e-05	1.09679e-09	1
N/A	0.00202901	0.999958	4.20299e-05	5.22667e-09	1
N/A	0.00202913	0.999963	3.71107e-05	2.88512e-05	0.999971
N/A	0.00202919	0.999971	2.92945e-05	5.61564e-08	1
N/A	0.00202919	0.999976	2.44444e-05	3.46704e-08	1
N/A	0.00202922	0.99995	5.00183e-05	4.08049e-05	0.999959
N/A	0.00202929	0.999974	2.56493e-05	0.000409844	0.99959
N/A	0.0020293	0.999962	3.8098e-05	7.63021e-08	1
N/A	0.00202941	0.999952	4.80187e-05	4.68609e-07	1
N/A	0.00202942	0.999959	4.05801e-05	1.75195e-09	1
N/A	0.00202943	0.999954	4.61365e-05	6.13166e-09	1
N/A	0.00202944	0.999981	1.92373e-05	7.68134e-08	1
N/A	0.00202949	0.999975	2.54125e-05	0.00060056	0.999399
N/A	0.00202983	0.999957	4.28404e-05	0.000318285	0.999682
N/A	0.00203015	0.99995	4.99319e-05	5.11422e-07	0.999999
N/A	0.00203023	0.999965	3.45752e-05	8.35685e-07	0.999999
N/A	0.00203045	0.999953	4.66397e-05	3.65823e-08	1
N/A	0.00203067	0.999956	4.39523e-05	2.27562e-05	0.999977
N/A	0.0020308	0.999963	3.69889e-05	2.40377e-06	0.999998
N/A	0.00203081	0.999963	3.73967e-05	7.53436e-08	1
N/A	0.00203093	0.999964	3.64607e-05	2.63654e-09	1
N/A	0.00203098	0.999966	3.41551e-05	1.59727e-07	1
N/A	0.00203101	0.999963	3.72885e-05	1.07345e-08	1
N/A	0.00203108	0.999965	3.46856e-05	6.74484e-05	0.999933
N/A	0.00203117	0.99998	1.98356e-05	1.43784e-05	0.999986
N/A	0.00203119	0.999963	3.71207e-05	9.71068e-07	0.999999
N/A	0.0020316	0.999973	2.73382e-05	3.69114e-09	1
N/A	0.00203167	0.999958	4.20307e-05	5.06713e-08	1
N/A	0.00203171	0.999981	1.88924e-05	2.87442e-05	0.999971
N/A	0.00203185	0.999965	3.52551e-05	4.9817e-07	1
N/A	0.00203185	0.999977	2.32835e-05	7.97238e-06	0.999992
N/A	0.00203194	0.999959	4.09254e-05	0.000314934	0.999685
N/A	0.00203197	0.999966	3.43572e-05	0.000804133	0.999196
N/A	0.00203201	0.999969	3.10385e-05	0.000157908	0.999842
N/A	0.00203206	0.999954	4.62755e-05	4.35409e-08	1
N/A	0.00203207	0.999971	2.92254e-05	0.000694848	0.999305
N/A	0.00203217	0.999976	2.37671e-05	7.02241e-08	1
N/A	0.0020323	0.999971	2.90292e-05	1.57561e-05	0.999984
N/A	0.0020323	0.999976	2.42888e-05	4.10814e-08	1
N/A	0.00203235	0.999959	4.09543e-05	0.000256332	0.999744
N/A	0.00203245	0.999961	3.86942e-05	6.96813e-07	0.999999
N/A	0.00203251	0.99995	4.97427e-05	8.9404e-08	1
N/A	0.00203254	0.999963	3.69457e-05	1.33978e-07	1
N/A	0.00203262	0.999968	3.19877e-05	1.03689e-08	1
N/A	0.00203279	0.999964	3.57099e-05	1.157e-05	0.999988
N/A	0.00203282	0.999975	2.46806e-05	0.000221891	0.999778
N/A	0.00203286	0.999971	2.91974e-05	3.5827e-06	0.999996
N/A	0.00203303	0.999965	3.52769e-05	1.15273e-09	1
N/A	0.00203307	0.999973	2.74442e-05	1.31588e-06	0.999999
N/A	0.00203318	0.999967	3.28397e-05	4.48692e-05	0.999955
N/A	0.00203321	0.999958	4.16484e-05	3.80792e-06	0.999996
N/A	0.00203323	0.999974	2.57569e-05	3.23977e-05	0.999968
N/A	0.00203323	0.999964	3.55284e-05	3.06468e-09	1
N/A	0.0020333	0.999973	2.72357e-05	0.000210687	0.999789
N/A	0.00203331	0.999968	3.23053e-05	1.94289e-06	0.999998
N/A	0.00203341	0.999968	3.19927e-05	2.17657e-06	0.999998
N/A	0.00203344	0.999958	4.17901e-05	6.40424e-06	0.999994
N/A	0.00203347	0.999977	2.34265e-05	0.000716749	0.999283
N/A	0.0020335	0.999968	3.22513e-05	4.8332e-05	0.999952
N/A	0.00203374	0.999956	4.40314e-05	1.31922e-06	0.999999
N/A	0.00203376	0.99998	1.96972e-05	0.000267682	0.999732
N/A	0.00203377	0.999962	3.7898e-05	1.36721e-09	1
N/A	0.00203378	0.99998	1.97691e-05	1.70974e-06	0.999998
N/A	0.0020338	0.999947	5.31982e-05	1.38232e-07	1
N/A	0.00203385	0.999969	3.07357e-05	6.43273e-09	1
N/A	0.00203387	0.999947	5.25451e-05	2.47734e-06	0.999998
N/A	0.00203421	0.99997	2.95595e-05	7.41699e-07	0.999999
N/A	0.00203424	0.999961	3.88157e-05	7.59243e-07	0.999999
N/A	0.00203445	0.99995	5.03074e-05	3.88914e-05	0.999961
N/A	0.00203451	0.999955	4.4789e-05	4.09092e-06	0.999996
N/A	0.00203458	0.999966	3.36644e-05	3.63143e-09	1
N/A	0.00203461	0.999969	3.06336e-05	2.47402e-09	1
N/A	0.00203477	0.999944	5.63483e-05	6.08671e-07	0.999999
N/A	0.00203477	0.99996	4.04047e-05	5.79305e-06	0.999994
N/A	0.00203481	0.999971	2.89746e-05	1.50239e-08	1
N/A	0.00203485	0.999969	3.09604e-05	1.81157e-05	0.999982
N/A	0.00203493	0.999959	4.05383e-05	0.000794497	0.999206
N/A	0.00203501	0.999951	4.86577e-05	1.7694e-08	1
N/A	0.00203526	0.999967	3.34213e-05	1.64133e-09	1
N/A	0.00203528	0.999949	5.12227e-05	0.000313559	0.999686
N/A	0.00203555	0.999965	3.47824e-05	1.08109e-07	1
N/A	0.00203557	0.999969	3.06665e-05	4.92279e-05	0.999951
N/A	0.00203561	0.999972	2.79103e-05	9.56256e-09	1
N/A	0.00203567	0.999976	2.40841e-05	7.37742e-05	0.999926
N/A	0.00203576	0.999959	4.07381e-05	3.21802e-07	1
N/A	0.00203579	0.999945	5.47894e-05	1.83628e-05	0.999982
N/A	0.00203584	0.999968	3.23438e-05	0.000111549	0.999888
N/A	0.00203586	0.999967	3.28665e-05	6.36309e-07	0.999999
N/A	0.00203587	0.999979	2.09302e-05	1.17697e-06	0.999999
N/A	0.00203602	0.999966	3.38961e-05	1.00312e-09	1
N/A	0.00203622	0.999964	3.64381e-05	5.70097e-08	1
N/A	0.00203623	0.999959	4.14342e-05	2.95531e-06	0.999997
N/A	0.00203628	0.999971	2.93031e-05	2.23927e-06	0.999998
N/A	0.00203635	0.999954	4.59302e-05	0.000539078	0.999461
N/A	0.0020364	0.999958	4.15484e-05	2.29731e-05	0.999977
N/A	0.00203642	0.999956	4.42556e-05	1.44356e-06	0.999999
N/A	0.00203645	0.999949	5.06801e-05	1.45988e-09	1
N/A	0.00203657	0.999963	3.68446e-05	8.65183e-09	1
N/A	0.00203669	0.999965	3.5254e-05	0.000235021	0.999765
N/A	0.00203684	0.999959	4.11633e-05	3.12625e-08	1
N/A	0.00203687	0.999954	4.60265e-05	0.000254066	0.999746
N/A	0.00203688	0.999967	3.2736e-05	2.52592e-07	1
N/A	0.00203692	0.999965	3.51118e-05	0.000642762	0.999357
N/A	0.00203698	0.999964	3.5925e-05	0.000296154	0.999704
N/A	0.002037	0.99996	3.98414e-05	0.000706663	0.999293
N/A	0.00203703	0.999975	2.50721e-05	9.2204e-09	1
N/A	0.00203705	0.999958	4.19778e-05	8.92056e-05	0.999911
N/A	0.00203708	0.999972	2.8186e-05	1.7978e-07	1
N/A	0.00203711	0.99996	3.96763e-05	2.58207e-09	1
N/A	0.00203716	0.999954	4.62292e-05	1.77412e-05	0.999982
N/A	0.00203717	0.999966	3.4003e-05	5.9582e-08	1
N/A	0.00203727	0.999959	4.08905e-05	3.96845e-06	0.999996
N/A	0.00203732	0.999967	3.3426e-05	7.43251e-09	1
N/A	0.00203757	0.999976	2.44139e-05	1.96743e-09	1
N/A	0.00203765	0.999961	3.92318e-05	1.32226e-08	1
N/A	0.00203768	0.999951	4.90053e-05	1.73583e-09	1
N/A	0.00203775	0.999952	4.75801e-05	4.69796e-07	1
N/A	0.00203788	0.999966	3.36421e-05	2.50585e-09	1
N/A	0.00203793	0.999973	2.66947e-05	0.000261362	0.999739
N/A	0.002038	0.999978	2.15892e-05	2.13747e-05	0.999979
N/A	0.0020381	0.999969	3.10865e-05	0.00023857	0.999761
N/A	0.00203836	0.999974	2.63221e-05	8.74132e-09	1
N/A	0.00203851	0.999962	3.77586e-05	1.29131e-06	0.999999
N/A	0.00203852	0.999953	4.6585e-05	2.9958e-09	1
N/A	0.00203861	0.999968	3.20239e-05	0.000880152	0.99912
N/A	0.00203866	0.999962	3.765e-05	2.8033e-05	0.999972
N/A	0.00203866	0.99997	3.02324e-05	0.000354021	0.999646
N/A	0.00203866	0.999953	4.7325e-05	1.05685e-06	0.999999
N/A	0.00203872	0.999965	3.48149e-05	9.43018e-06	0.999991
N/A	0.00203881	0.999969	3.10735e-05	3.07323e-08	1
N/A	0.00203896	0.999953	4.72787e-05	7.61393e-08	1
N/A	0.0020391	0.999979	2.0571e-05	7.0659e-09	1
N/A	0.00203914	0.999971	2.91296e-05	2.47231e-09	1
N/A	0.00203927	0.99997	2.9992e-05	6.52395e-05	0.999935
N/A	0.00203939	0.999965	3.54706e-05	9.57099e-08	1
N/A	0.00203965	0.99996	3.99364e-05	1.68025e-09	1
N/A	0.00203968	0.99997	2.97411e-05	2.64284e-09	1
N/A	0.00203968	0.999975	2.48805e-05	1.84308e-06	0.999998
N/A	0.00203972	0.999966	3.37585e-05	2.36485e-09	1
N/A	0.00203973	0.999972	2.83791e-05	0.000753396	0.999247
N/A	0.00203977	0.999954	4.55075e-05	3.25422e-05	0.999967
N/A	0.00203994	0.999966	3.3741e-05	1.97466e-07	1
N/A	0.00203994	0.999966	3.36638e-05	6.231e-09	1
N/A	0.00204	0.999954	4.64968e-05	2.48337e-05	0.999975
N/A	0.00204008	0.999966	3.41608e-05	1.17475e-07	1
N/A	0.00204017	0.999973	2.72369e-05	5.44122e-08	1
N/A	0.0020402	0.999963	3.72401e-05	1.92345e-05	0.999981
N/A	0.00204021	0.999973	2.66939e-05	1.20527e-07	1
N/A	0.00204033	0.999953	4.71232e-05	5.7761e-08	1
N/A	0.00204039	0.999961	3.89563e-05	5.03893e-09	1
N/A	0.00204046	0.999966	3.43804e-05	5.77092e-09	1
N/A	0.00204047	0.999958	4.18561e-05	5.40765e-06	0.999995
N/A	0.00204057	0.999973	2.67425e-05	2.17734e-05	0.999978
N/A	0.00204062	0.999951	4.8798e-05	0.000263038	0.999737
N/A	0.00204078	0.999964	3.62611e-05	3.31338e-05	0.999967
N/A	0.00204082	0.999959	4.09396e-05	7.26821e-09	1
N/A	0.00204085	0.99997	2.99284e-05	4.86363e-05	0.999951
N/A	0.00204088	0.999957	4.33867e-05	7.45471e-08	1
N/A	0.00204109	0.999967	3.3439e-05	1.06262e-09	1
N/A	0.00204111	0.99996	4.01504e-05	1.08909e-07	1
N/A	0.00204113	0.999957	4.27066e-05	1.99948e-07	1
N/A	0.00204119	0.999964	3.55822e-05	3.62876e-09	1
N/A	0.0020413	0.999959	4.08892e-05	1.26443e-07	1
N/A	0.00204146	0.999968	3.21641e-05	5.14202e-06	0.999995
N/A	0.00204147	0.999969	3.09121e-05	6.74199e-08	1
N/A	0.00204162	0.999966	3.41346e-05	5.16318e-08	1
N/A	0.00204163	0.999958	4.20175e-05	0.000197991	0.999802
N/A	0.00204201	0.99997	2.99705e-05	0.000150612	0.999849
N/A	0.00204203	0.999972	2.84349e-05	6.50428e-07	0.999999
N/A	0.00204211	0.999965	3.47788e-05	3.91584e-08	1
N/A	0.00204224	0.999971	2.90451e-05	1.19981e-07	1
N/A	0.0020423	0.999981	1.85739e-05	8.1798e-07	0.999999
N/A	0.00204236	0.999967	3.30716e-05	0.000595534	0.999404
N/A	0.00204237	0.999964	3.64367e-05	2.49783e-07	1
N/A	0.00204238	0.999964	3.5921e-05	1.3621e-07	1
N/A	0.00204247	0.999968	3.18279e-05	0.000345166	0.999655
N/A	0.00204248	0.999973	2.74692e-05	2.82365e-09	1
N/A	0.00204254	0.999963	3.70596e-05	1.98564e-05	0.99998
N/A	0.00204255	0.999966	3.39798e-05	0.000122715	0.999877
N/A	0.00204255	0.999969	3.08875e-05	7.26838e-05	0.999927
N/A	0.00204262	0.999973	2.71514e-05	1.12785e-05	0.999989
N/A	0.00204265	0.999959	4.12142e-05	2.20711e-09	1
N/A	0.00204269	0.999964	3.61322e-05	0.000182777	0.999817
N/A	0.00204272	0.999943	5.68939e-05	7.53248e-09	1
N/A	0.00204274	0.999972	2.80637e-05	0.000531454	0.999469
N/A	0.00204287	0.999978	2.24418e-05	6.35744e-05	0.999936
N/A	0.00204295	0.999968	3.19052e-05	3.12079e-07	1
N/A	0.00204299	0.999955	4.47656e-05	1.60399e-05	0.999984
N/A	0.00204321	0.999979	2.06672e-05	0.000350447	0.99965
N/A	0.00204328	0.999974	2.641e-05	0.000652588	0.999347
N/A	0.00204348	0.999961	3.92113e-05	3.1312e-05	0.999969
N/A	0.00204351	0.999954	4.55009e-05	7.67371e-07	0.999999
N/A	0.00204359	0.999955	4.47838e-05	1.88695e-08	1
N/A	0.00204369	0.99996	4.00798e-05	5.99824e-07	0.999999
N/A	0.00204374	0.999975	2.52092e-05	0.000190808	0.999809
N/A	0.00204375	0.999964	3.64548e-05	4.92707e-07	1
N/A	0.00204375	0.999963	3.66253e-05	4.43052e-09	1
N/A	0.0020438	0.999963	3.70306e-05	5.92605e-07	0.999999
N/A	0.00204387	0.99996	4.04202e-05	1.07559e-06	0.999999
N/A	0.00204399	0.999976	2.4488e-05	1.82834e-06	0.999998
N/A	0.00204409	0.999947	5.25235e-05	1.91604e-07	1
N/A	0.00204415	0.999964	3.64646e-05	3.2371e-07	1
N/A	0.00204421	0.999971	2.88857e-05	5.021e-07	0.999999
N/A	0.00204422	0.999963	3.6897e-05	3.68213e-06	0.999996
N/A	0.00204439	0.999961	3.93444e-05	8.00701e-08	1
N/A	0.00204442	0.999967	3.2856e-05	1.21428e-07	1
N/A	0.00204447	0.999973	2.73769e-05	2.23439e-09	1
N/A	0.00204449	0.999961	3.87451e-05	3.05915e-07	1
N/A	0.00204452	0.99997	3.04159e-05	4.38268e-08	1
N/A	0.00204453	0.999976	2.35308e-05	0.000252375	0.999748
N/A	0.00204558	0.99995	4.994e-05	7.3001e-08	1
N/A	0.00204562	0.999967	3.3137e-05	4.48815e-05	0.999955
N/A	0.00204573	0.99996	3.9822e-05	1.61952e-07	1
N/A	0.00204574	0.99998	1.95563e-05	9.13378e-09	1
N/A	0.00204576	0.999977	2.28797e-05	1.13643e-06	0.999999
N/A	0.00204591	0.99995	4.96742e-05	1.37072e-07	1
N/A	0.00204595	0.999981	1.94826e-05	1.35712e-07	1
N/A	0.00204606	0.999943	5.74191e-05	1.58917e-09	1
N/A	0.00204609	0.99997	3.04555e-05	0.000105658	0.999894
N/A	0.0020461	0.999945	5.50905e-05	3.30291e-09	1
N/A	0.00204623	0.999963	3.66424e-05	1.84221e-08	1
N/A	0.00204637	0.999967	3.3233e-05	8.02274e-09	1
N/A	0.00204637	0.999963	3.7458e-05	4.62934e-08	1
N/A	0.00204659	0.999965	3.4552e-05	0.000870956	0.999129
N/A	0.00204674	0.999975	2.53164e-05	0.00076881	0.999231
N/A	0.00204684	0.999969	3.12027e-05	6.32005e-05	0.999937
N/A	0.00204685	0.999965	3.52102e-05	7.82335e-08	1
N/A	0.00204693	0.999958	4.18971e-05	0.000163911	0.999836
N/A	0.00204694	0.999983	1.73475e-05	4.59935e-08	1
N/A	0.00204695	0.99995	4.95659e-05	0.000295574	0.999704
N/A	0.00204699	0.999957	4.2739e-05	2.91761e-05	0.999971
N/A	0.002047	0.999978	2.15758e-05	0.000270023	0.99973
N/A	0.00204714	0.999956	4.4281e-05	4.014e-06	0.999996
N/A	0.00204718	0.999966	3.41483e-05	6.42377e-08	1
N/A	0.00204724	0.999967	3.26073e-05	8.94773e-08	1
N/A	0.00204727	0.999968	3.18734e-05	3.81018e-05	0.999962
N/A	0.00204733	0.999983	1.74814e-05	8.33728e-05	0.999917
N/A	0.00204744	0.999972	2.82207e-05	1.86071e-08	1
N/A	0.00204745	0.999968	3.16011e-05	0.000982414	0.999018
N/A	0.00204749	0.999983	1.73541e-05	1.70986e-06	0.999998
N/A	0.00204751	0.999981	1.87345e-05	0.000106162	0.999894
N/A	0.00204756	0.999976	2.39585e-05	1.15041e-07	1
N/A	0.00204758	0.999952	4.77036e-05	2.25901e-08	1
N/A	0.00204761	0.999948	5.21152e-05	5.35001e-05	0.999946
N/A	0.00204765	0.999956	4.44387e-05	4.43524e-06	0.999996
N/A	0.00204768	0.999966	3.41716e-05	1.02707e-08	1
N/A	0.00204771	0.999976	2.43037e-05	2.39982e-06	0.999998
N/A	0.00204774	0.999966	3.4256e-05	2.03322e-05	0.99998
N/A	0.00204776	0.999963	3.69134e-05	1.59696e-07	1
N/A	0.0020478	0.999975	2.54857e-05	1.30188e-05	0.999987
N/A	0.00204799	0.999953	4.73705e-05	1.01485e-06	0.999999
N/A	0.00204801	0.999956	4.44667e-05	6.23748e-05	0.999938
N/A	0.00204804	0.999974	2.55445e-05	3.13361e-06	0.999997
N/A	0.00204805	0.999967	3.34565e-05	1.95249e-09	1
N/A	0.00204808	0.999977	2.25476e-05	5.9577e-07	0.999999
N/A	0.0020481	0.999965	3.53324e-05	4.37939e-05	0.999956
N/A	0.00204823	0.999974	2.60557e-05	2.78305e-06	0.999997
N/A	0.00204824	0.999959	4.14047e-05	5.05091e-06	0.999995
N/A	0.00204829	0.999973	2.66372e-05	1.37285e-05	0.999986
N/A	0.00204835	0.999981	1.87644e-05	1.48841e-06	0.999999
N/A	0.00204849	0.999964	3.62117e-05	1.38886e-09	1
N/A	0.00204852	0.999968	3.22823e-05	2.42717e-07	1
N/A	0.00204862	0.999966	3.3823e-05	3.06021e-06	0.999997
N/A	0.00204865	0.999963	3.65897e-05	4.01538e-07	1
N/A	0.00204865	0.999977	2.30749e-05	6.75623e-05	0.999932
N/A	0.00204869	0.999951	4.89888e-05	4.73427e-06	0.999995
N/A	0.00204874	0.999947	5.28484e-05	2.53851e-09	1
N/A	0.00204891	0.999963	3.65689e-05	2.13072e-06	0.999998
N/A	0.00204901	0.999971	2.90345e-05	8.65556e-08	1
N/A	0.0020491	0.999976	2.44967e-05	1.25315e-09	1
N/A	0.00204918	0.999963	3.73466e-05	2.57862e-09	1
N/A	0.00204924	0.999979	2.06041e-05	1.60024e-05	0.999984
N/A	0.00204928	0.999976	2.38572e-05	8.48501e-09	1
N/A	0.00204942	0.999969	3.08008e-05	3.09988e-05	0.999969
N/A	0.00204942	0.999956	4.43045e-05	1.9252e-07	1
N/A	0.00204954	0.99996	4.04263e-05	7.29761e-09	1
N/A	0.00204973	0.999971	2.88751e-05	0.000133919	0.999866
N/A	0.00204973	0.999965	3.50139e-05	2.68886e-05	0.999973
N/A	0.0020498	0.999961	3.94162e-05	0.000459187	0.999541
N/A	0.00204983	0.999964	3.634e-05	0.000780029	0.99922
N/A	0.00204986	0.999968	3.16717e-05	0.000124681	0.999875
N/A	0.00204994	0.999967	3.2829e-05	5.11054e-05	0.999949
N/A	0.00204995	0.999955	4.49896e-05	9.02456e-07	0.999999
N/A	0.00205006	0.99995	5.02869e-05	3.268e-08	1
N/A	0.0020502	0.999983	1.72746e-05	3.33041e-08	1
N/A	0.00205038	0.99997	2.98218e-05	1.82456e-09	1
N/A	0.0020506	0.999952	4.83339e-05	7.1793e-09	1
N/A	0.00205062	0.999983	1.68401e-05	2.77632e-07	1
N/A	0.00205065	0.99996	3.9621e-05	0.000160604	0.999839
N/A	0.00205066	0.999966	3.397e-05	1.45593e-05	0.999985
N/A	0.00205084	0.999964	3.58022e-05	0.000159661	0.99984
N/A	0.00205089	0.999963	3.72041e-05	0.000435307	0.999565
N/A	0.0020509	0.999952	4.80033e-05	0.000893305	0.999107
N/A	0.00205102	0.999955	4.54634e-05	1.7483e-09	1
N/A	0.00205105	0.999959	4.06074e-05	4.4792e-09	1
N/A	0.00205108	0.99998	1.95333e-05	1.16963e-09	1
N/A	0.00205109	0.99996	3.96913e-05	0.00047494	0.999525
N/A	0.00205112	0.999963	3.69123e-05	2.51877e-07	1
N/A	0.00205132	0.999964	3.62363e-05	7.79408e-06	0.999992
N/A	0.00205139	0.99996	4.03781e-05	7.62004e-09	1
N/A	0.00205143	0.999969	3.11066e-05	9.85342e-06	0.99999
N/A	0.00205155	0.999962	3.75291e-05	2.43101e-09	1
N/A	0.00205157	0.999975	2.52717e-05	2.30306e-09	1
N/A	0.00205161	0.999965	3.50769e-05	2.2839e-09	1
N/A	0.00205164	0.999974	2.61796e-05	9.06439e-09	1
N/A	0.00205169	0.999967	3.27311e-05	0.000106349	0.999894
N/A	0.00205177	0.999979	2.10755e-05	1.90587e-07	1
N/A	0.0020518	0.999961	3.87468e-05	0.000631511	0.999368
N/A	0.00205185	0.999959	4.13175e-05	1.50935e-05	0.999985
N/A	0.00205189	0.999961	3.94876e-05	6.85133e-05	0.999931
N/A	0.00205206	0.999965	3.47539e-05	9.72998e-07	0.999999
N/A	0.00205224	0.999977	2.2833e-05	1.43563e-09	1
N/A	0.00205225	0.999972	2.76499e-05	1.02786e-06	0.999999
N/A	0.0020526	0.999978	2.24833e-05	3.12914e-08	1
