position	distance	allele0_0	allele0_1	allele1_0	allele1_1
N/A	0.00123446	0.999962	3.7867e-05	4.5448e-08	1
N/A	0.001254	0.999971	2.94417e-05	7.24965e-06	0.999993
N/A	0.00126224	0.99997	3.01235e-05	1.16488e-07	1
N/A	0.00126468	0.99997	2.98132e-05	0.000112287	0.999888
N/A	0.00127116	0.999965	3.52543e-05	3.48519e-06	0.999997
N/A	0.00127328	0.999968	3.20775e-05	0.000185362	0.999815
N/A	0.00127655	0.999972	2.79888e-05	4.3844e-08	1
N/A	0.00127821	0.999968	3.20125e-05	5.32917e-09	1
N/A	0.00128025	0.999961	3.93184e-05	7.04727e-08	1
N/A	0.00128058	0.999968	3.23672e-05	1.29531e-07	1
N/A	0.00128601	0.999963	3.67083e-05	0.000596421	0.999404
N/A	0.00128981	0.999961	3.86538e-05	1.02698e-09	1
N/A	0.00129538	0.999969	3.14079e-05	1.29459e-07	1
N/A	0.00129978	0.999964	3.60022e-05	4.02256e-09	1
N/A	0.00130111	0.999965	3.5431e-05	1.92645e-06	0.999998
N/A	0.00130173	0.999964	3.60243e-05	7.67829e-08	1
N/A	0.00130263	0.999968	3.24787e-05	0.000364955	0.999635
N/A	0.0013029	0.999974	2.60916e-05	3.1726e-06	0.999997
N/A	0.00131	0.999977	2.26357e-05	0.000506526	0.999493
N/A	0.00131418	0.999972	2.81153e-05	1.89255e-08	1
N/A	0.00131549	0.999964	3.63513e-05	3.79209e-06	0.999996
N/A	0.00132063	0.999967	3.27597e-05	2.32511e-07	1
N/A	0.00132172	0.999969	3.05576e-05	1.70699e-07	1
N/A	0.00132364	0.999969	3.09359e-05	1.46573e-09	1
N/A	0.00132462	0.999962	3.77413e-05	3.32626e-07	1
N/A	0.00132683	0.999968	3.16717e-05	0.000124681	0.999875
N/A	0.00132946	0.999974	2.56918e-05	7.3502e-07	0.999999
N/A	0.00133164	0.999979	2.12898e-05	0.000337853	0.999662
N/A	0.00133364	0.999969	3.10786e-05	2.32394e-06	0.999998
N/A	0.00133513	0.999976	2.38887e-05	0.00010679	0.999893
N/A	0.00133712	0.999968	3.24003e-05	3.78887e-08	1
N/A	0.00133776	0.99997	2.98851e-05	2.83537e-07	1
N/A	0.0013379	0.999967	3.25398e-05	0.000532152	0.999468
N/A	0.00133828	0.999967	3.32877e-05	2.12552e-06	0.999998
N/A	0.00134022	0.99997	3.03928e-05	1.73611e-09	1
N/A	0.00134126	0.999968	3.24717e-05	2.34615e-06	0.999998
N/A	0.00134259	0.999976	2.37008e-05	3.53074e-08	1
N/A	0.00134379	0.999973	2.70629e-05	5.72453e-08	1
N/A	0.00134598	0.99997	2.99539e-05	2.44105e-05	0.999976
N/A	0.00134601	0.999969	3.1442e-05	0.000443054	0.999557
N/A	0.00134624	0.999973	2.68272e-05	2.18975e-05	0.999978
N/A	0.00134635	0.999977	2.31079e-05	0.000760033	0.99924
N/A	0.00134702	0.999969	3.10507e-05	3.88474e-05	0.999961
N/A	0.00134725	0.999976	2.40787e-05	1.70082e-08	1
N/A	0.00134811	0.999961	3.92403e-05	7.99564e-06	0.999992
N/A	0.00134817	0.999961	3.86995e-05	1.71292e-09	1
N/A	0.00135322	0.999962	3.84608e-05	3.08662e-07	1
N/A	0.00135449	0.999969	3.05187e-05	9.44247e-06	0.999991
N/A	0.00135542	0.99996	3.99977e-05	6.06984e-07	0.999999
N/A	0.00135553	0.999969	3.05136e-05	4.39247e-08	1
N/A	0.00135572	0.999971	2.93176e-05	0.000390417	0.99961
N/A	0.00135629	0.999973	2.71023e-05	0.000142515	0.999857
N/A	0.00135667	0.999971	2.86946e-05	1.43603e-05	0.999986
N/A	0.00135701	0.999969	3.09409e-05	0.000161976	0.999838
N/A	0.00135707	0.999977	2.33029e-05	0.000124123	0.999876
N/A	0.00135853	0.99998	1.95563e-05	9.13378e-09	1
N/A	0.00135861	0.999965	3.53654e-05	8.85324e-09	1
N/A	0.00135876	0.999964	3.59422e-05	4.77807e-05	0.999952
N/A	0.00136018	0.999964	3.62572e-05	7.65366e-06	0.999992
N/A	0.00136019	0.999969	3.13079e-05	5.72982e-05	0.999943
N/A	0.00136068	0.999966	3.35076e-05	0.000146084	0.999854
N/A	0.00136152	0.999964	3.62117e-05	1.38886e-09	1
N/A	0.0013617	0.999964	3.62363e-05	7.79408e-06	0.999992
N/A	0.00136286	0.999963	3.71107e-05	2.88512e-05	0.999971
N/A	0.00136319	0.999965	3.46652e-05	7.88451e-08	1
N/A	0.00136406	0.999968	3.19616e-05	1.29297e-07	1
N/A	0.00136422	0.999964	3.57898e-05	0.000240646	0.999759
N/A	0.00136488	0.999975	2.50111e-05	8.18248e-09	1
N/A	0.0013651	0.999977	2.34826e-05	9.36574e-09	1
N/A	0.00136521	0.999962	3.82434e-05	5.50744e-05	0.999945
N/A	0.00136531	0.999973	2.71841e-05	1.03497e-05	0.99999
N/A	0.00136551	0.999968	3.20269e-05	2.61621e-09	1
N/A	0.00136605	0.999975	2.45691e-05	1.99287e-08	1
N/A	0.00136608	0.99997	3.0356e-05	7.65241e-09	1
N/A	0.00136609	0.999957	4.25259e-05	1.2203e-05	0.999988
N/A	0.00136623	0.999961	3.92755e-05	6.15292e-08	1
N/A	0.00136699	0.999972	2.77447e-05	0.000288126	0.999712
N/A	0.0013671	0.999975	2.51429e-05	2.27696e-07	1
N/A	0.00136727	0.999977	2.29132e-05	1.21181e-06	0.999999
N/A	0.00136749	0.999965	3.51828e-05	2.26266e-09	1
N/A	0.00136823	0.999976	2.38826e-05	1.88367e-08	1
N/A	0.00136857	0.999967	3.29099e-05	7.73329e-05	0.999923
N/A	0.00136904	0.999976	2.43606e-05	1.61119e-09	1
N/A	0.00136905	0.999968	3.20671e-05	4.51728e-05	0.999955
N/A	0.00137033	0.999978	2.24799e-05	7.33792e-07	0.999999
N/A	0.00137042	0.999971	2.89392e-05	9.76381e-06	0.99999
N/A	0.00137044	0.99997	2.98143e-05	4.16244e-08	1
N/A	0.00137073	0.999961	3.94594e-05	1.10697e-09	1
N/A	0.00137087	0.999971	2.94797e-05	2.26041e-05	0.999977
N/A	0.00137172	0.999976	2.43404e-05	4.37802e-08	1
N/A	0.0013718	0.999968	3.21838e-05	2.35204e-06	0.999998
N/A	0.0013722	0.999973	2.70861e-05	8.33529e-05	0.999917
N/A	0.00137266	0.99997	3.04567e-05	1.31977e-05	0.999987
N/A	0.00137284	0.999967	3.32767e-05	9.40886e-05	0.999906
N/A	0.00137317	0.999974	2.58357e-05	0.000124645	0.999875
N/A	0.00137324	0.999968	3.15499e-05	1.16317e-08	1
N/A	0.00137332	0.999967	3.25158e-05	5.10805e-09	1
N/A	0.00137376	0.999972	2.84164e-05	1.39342e-07	1
N/A	0.00137392	0.99997	2.95191e-05	5.89949e-08	1
N/A	0.00137397	0.999973	2.73002e-05	2.84108e-05	0.999972
N/A	0.00137426	0.999962	3.83354e-05	4.34837e-09	1
N/A	0.00137466	0.999979	2.14159e-05	2.99348e-06	0.999997
N/A	0.00137541	0.999969	3.08582e-05	5.04902e-08	1
N/A	0.00137543	0.999963	3.69665e-05	5.49451e-08	1
N/A	0.00137545	0.999971	2.9293e-05	5.31579e-06	0.999995
N/A	0.00137571	0.999975	2.52011e-05	4.39968e-09	1
N/A	0.00137575	0.999968	3.18064e-05	7.95477e-07	0.999999
N/A	0.00137595	0.99997	3.03329e-05	1.02185e-07	1
N/A	0.001376	0.999968	3.15329e-05	6.02491e-08	1
N/A	0.0013768	0.999964	3.61504e-05	2.65753e-09	1
N/A	0.00137681	0.999968	3.19351e-05	7.57157e-06	0.999992
N/A	0.00137688	0.999971	2.90122e-05	4.79929e-09	1
N/A	0.00137703	0.999972	2.8059e-05	5.80886e-06	0.999994
N/A	0.00137744	0.999962	3.76959e-05	1.69385e-08	1
N/A	0.00137756	0.999969	3.13818e-05	4.54443e-08	1
N/A	0.00137757	0.999971	2.90451e-05	1.19981e-07	1
N/A	0.00137841	0.999972	2.7741e-05	9.42331e-09	1
N/A	0.00137936	0.999974	2.63459e-05	1.12777e-07	1
N/A	0.00137948	0.999968	3.18172e-05	3.8474e-07	1
N/A	0.00137964	0.999976	2.41045e-05	4.02393e-07	1
N/A	0.00137981	0.999968	3.18311e-05	0.000322573	0.999677
N/A	0.00137993	0.999965	3.4524e-05	1.87373e-07	1
N/A	0.0013801	0.999957	4.28473e-05	5.76741e-05	0.999942
N/A	0.00138071	0.999961	3.93414e-05	0.000312483	0.999688
N/A	0.0013808	0.999976	2.39931e-05	0.000433582	0.999566
N/A	0.00138109	0.999977	2.28798e-05	2.81151e-07	1
N/A	0.00138111	0.999969	3.12135e-05	3.08116e-09	1
N/A	0.00138121	0.999963	3.71148e-05	5.6975e-09	1
N/A	0.00138132	0.999968	3.15113e-05	1.60428e-07	1
N/A	0.00138155	0.999974	2.63221e-05	8.74132e-09	1
N/A	0.00138156	0.999969	3.06021e-05	1.00997e-06	0.999999
N/A	0.00138165	0.999967	3.33146e-05	3.30277e-05	0.999967
N/A	0.00138183	0.999964	3.61033e-05	2.75e-07	1
N/A	0.00138185	0.999966	3.44277e-05	2.16613e-07	1
N/A	0.00138213	0.999968	3.1587e-05	1.19445e-05	0.999988
N/A	0.00138214	0.999965	3.54953e-05	0.000299036	0.999701
N/A	0.00138216	0.999964	3.58243e-05	3.39354e-07	1
N/A	0.00138252	0.999973	2.74748e-05	7.10038e-07	0.999999
N/A	0.00138263	0.999967	3.3217e-05	0.000231152	0.999769
N/A	0.00138273	0.999972	2.76989e-05	1.28676e-05	0.999987
N/A	0.00138305	0.999973	2.68366e-05	4.71341e-07	1
N/A	0.00138315	0.999967	3.32877e-05	3.97237e-09	1
N/A	0.00138317	0.999975	2.47647e-05	3.48274e-07	1
N/A	0.00138319	0.999963	3.65015e-05	3.39099e-06	0.999997
N/A	0.00138325	0.999968	3.23385e-05	7.06505e-08	1
N/A	0.00138327	0.99997	2.96598e-05	5.25795e-09	1
N/A	0.00138343	0.999973	2.7085e-05	1.86865e-08	1
N/A	0.00138374	0.999963	3.74107e-05	9.50472e-07	0.999999
N/A	0.00138401	0.999977	2.27394e-05	1.14636e-05	0.999989
N/A	0.00138409	0.999962	3.84504e-05	1.16301e-06	0.999999
N/A	0.00138418	0.99996	4.03864e-05	9.43429e-08	1
N/A	0.00138424	0.999982	1.81373e-05	1.44354e-09	1
N/A	0.00138436	0.999973	2.73651e-05	7.26237e-06	0.999993
N/A	0.00138451	0.99997	3.01533e-05	2.25479e-08	1
N/A	0.00138463	0.99996	4.03908e-05	2.4546e-06	0.999998
N/A	0.00138475	0.999965	3.50282e-05	6.56497e-09	1
N/A	0.00138479	0.999968	3.23351e-05	5.44797e-06	0.999995
N/A	0.00138496	0.999978	2.24418e-05	6.35744e-05	0.999936
N/A	0.00138502	0.999975	2.51399e-05	7.01521e-08	1
N/A	0.00138505	0.999972	2.7873e-05	0.000315608	0.999684
N/A	0.00138544	0.99997	3.01852e-05	5.14997e-08	1
N/A	0.00138549	0.999972	2.81076e-05	3.07939e-08	1
N/A	0.00138554	0.99997	2.97902e-05	7.51843e-06	0.999992
N/A	0.00138559	0.999961	3.87513e-05	3.82275e-07	1
N/A	0.00138559	0.999969	3.05629e-05	1.75153e-08	1
N/A	0.00138565	0.999965	3.54688e-05	8.71577e-06	0.999991
N/A	0.00138566	0.999964	3.63068e-05	1.39214e-06	0.999999
N/A	0.00138573	0.999961	3.86253e-05	4.582e-07	1
N/A	0.00138574	0.999963	3.74685e-05	1.96636e-07	1
N/A	0.00138583	0.999969	3.0782e-05	0.000353224	0.999647
N/A	0.0013859	0.999963	3.73874e-05	0.00068232	0.999318
N/A	0.00138591	0.99997	3.02265e-05	4.30366e-06	0.999996
N/A	0.00138599	0.99996	4.02873e-05	5.23159e-05	0.999948
N/A	0.0013862	0.999962	3.80956e-05	0.00010043	0.9999
N/A	0.0013864	0.99997	3.04866e-05	0.000251357	0.999749
N/A	0.0013864	0.999958	4.16484e-05	3.80792e-06	0.999996
N/A	0.00138643	0.999974	2.58975e-05	6.95876e-07	0.999999
N/A	0.00138647	0.999964	3.56852e-05	1.89248e-08	1
N/A	0.00138696	0.999956	4.41461e-05	0.000139161	0.999861
N/A	0.00138724	0.999966	3.37634e-05	1.5542e-09	1
N/A	0.00138734	0.999964	3.56521e-05	9.11457e-05	0.999909
N/A	0.0013874	0.999964	3.62611e-05	3.31338e-05	0.999967
N/A	0.0013876	0.999977	2.34935e-05	3.75642e-08	1
N/A	0.00138767	0.999958	4.15938e-05	3.97843e-08	1
N/A	0.00138779	0.999975	2.47239e-05	2.63498e-08	1
N/A	0.00138784	0.999981	1.92095e-05	8.41381e-08	1
N/A	0.00138787	0.999981	1.88689e-05	4.10488e-06	0.999996
N/A	0.00138797	0.999972	2.75121e-05	1.73469e-09	1
N/A	0.00138823	0.999984	1.64678e-05	1.66761e-05	0.999983
N/A	0.00138829	0.999968	3.22101e-05	0.000296022	0.999704
N/A	0.00138836	0.999967	3.32174e-05	8.827e-09	1
N/A	0.0013885	0.999967	3.31721e-05	1.02824e-06	0.999999
N/A	0.00138853	0.999972	2.78515e-05	8.43647e-07	0.999999
N/A	0.00138861	0.99997	3.03773e-05	1.37359e-06	0.999999
N/A	0.00138867	0.999964	3.6114e-05	0.000372412	0.999628
N/A	0.0013887	0.999964	3.60636e-05	0.000686191	0.999314
N/A	0.00138871	0.999974	2.55563e-05	1.51398e-05	0.999985
N/A	0.00138891	0.999978	2.24419e-05	0.000128665	0.999871
N/A	0.001389	0.999965	3.53336e-05	0.000166511	0.999833
N/A	0.00138917	0.999965	3.53221e-05	0.000813183	0.999187
N/A	0.00138921	0.999968	3.15665e-05	4.51541e-07	1
N/A	0.00138934	0.999958	4.20024e-05	5.88638e-05	0.999941
N/A	0.00138947	0.999963	3.71794e-05	1.79933e-05	0.999982
N/A	0.0013897	0.999964	3.58202e-05	0.000322943	0.999677
N/A	0.00138972	0.999962	3.83932e-05	0.000350471	0.99965
N/A	0.00138999	0.999963	3.73549e-05	1.54604e-06	0.999998
N/A	0.00139002	0.999966	3.41045e-05	2.28171e-09	1
N/A	0.00139006	0.999959	4.05367e-05	7.87958e-09	1
N/A	0.00139009	0.999968	3.22859e-05	3.38364e-05	0.999966
N/A	0.00139011	0.999977	2.29851e-05	0.000603723	0.999396
N/A	0.00139015	0.999959	4.11695e-05	2.72394e-07	1
N/A	0.00139036	0.999977	2.31166e-05	3.74104e-08	1
N/A	0.00139059	0.999968	3.2023e-05	2.69645e-07	1
N/A	0.00139069	0.999962	3.80782e-05	3.57834e-05	0.999964
N/A	0.0013907	0.999963	3.65312e-05	9.60543e-07	0.999999
N/A	0.00139072	0.999971	2.91817e-05	0.000913611	0.999086
N/A	0.00139087	0.999975	2.53093e-05	2.82571e-07	1
N/A	0.00139101	0.999972	2.77969e-05	3.93661e-05	0.999961
N/A	0.00139106	0.999954	4.63188e-05	0.000117603	0.999882
N/A	0.00139119	0.999976	2.38319e-05	9.67312e-07	0.999999
N/A	0.00139121	0.999975	2.47107e-05	1.57539e-05	0.999984
N/A	0.00139125	0.999972	2.75372e-05	3.18815e-07	1
N/A	0.00139125	0.999975	2.53297e-05	1.13112e-05	0.999989
N/A	0.0013916	0.999965	3.50711e-05	1.04282e-06	0.999999
N/A	0.0013917	0.999968	3.18211e-05	0.000256473	0.999744
N/A	0.0013917	0.99996	4.04118e-05	1.59525e-09	1
N/A	0.00139174	0.99997	3.01142e-05	4.26171e-09	1
N/A	0.00139175	0.999969	3.06408e-05	0.000164014	0.999836
N/A	0.00139179	0.999972	2.82773e-05	2.21196e-09	1
N/A	0.00139197	0.999973	2.71877e-05	5.9855e-08	1
N/A	0.00139198	0.999971	2.90204e-05	2.69681e-08	1
N/A	0.00139202	0.99998	1.99993e-05	5.48778e-07	0.999999
N/A	0.00139234	0.999958	4.20833e-05	0.000476376	0.999524
N/A	0.00139237	0.999975	2.45676e-05	5.82739e-09	1
N/A	0.00139238	0.999957	4.33867e-05	7.45471e-08	1
N/A	0.0013924	0.999959	4.05576e-05	3.99688e-06	0.999996
N/A	0.00139245	0.999966	3.36056e-05	4.22733e-08	1
N/A	0.00139245	0.999973	2.66748e-05	5.05961e-07	0.999999
N/A	0.00139259	0.999965	3.49016e-05	1.91868e-05	0.999981
N/A	0.00139264	0.999972	2.84531e-05	2.45475e-06	0.999998
N/A	0.00139272	0.99997	2.97216e-05	1.00608e-07	1
N/A	0.00139276	0.999964	3.62535e-05	2.71573e-07	1
N/A	0.00139283	0.999971	2.889e-05	3.46194e-07	1
N/A	0.0013929	0.999973	2.65094e-05	5.5028e-08	1
N/A	0.00139302	0.99997	3.0158e-05	0.000141765	0.999858
N/A	0.00139316	0.999967	3.25742e-05	3.32627e-05	0.999967
N/A	0.00139317	0.999972	2.78986e-05	1.51703e-09	1
N/A	0.00139322	0.99996	3.99723e-05	0.000116788	0.999883
N/A	0.00139323	0.99997	2.99084e-05	4.97079e-07	1
N/A	0.00139325	0.999971	2.94038e-05	9.80683e-06	0.99999
N/A	0.00139349	0.999963	3.71451e-05	1.54815e-09	1
N/A	0.00139357	0.999969	3.0749e-05	1.37077e-06	0.999999
N/A	0.0013936	0.999968	3.19877e-05	1.03689e-08	1
N/A	0.00139364	0.999964	3.61626e-05	1.11365e-08	1
N/A	0.00139366	0.999966	3.35579e-05	7.18869e-05	0.999928
N/A	0.00139369	0.999963	3.65319e-05	0.00078013	0.99922
N/A	0.00139377	0.999958	4.21652e-05	0.000557153	0.999443
N/A	0.001394	0.999973	2.71771e-05	0.000543998	0.999456
N/A	0.00139411	0.999977	2.25926e-05	1.27075e-08	1
N/A	0.00139417	0.999957	4.30053e-05	2.37103e-08	1
N/A	0.00139431	0.999968	3.2003e-05	8.68265e-08	1
N/A	0.00139433	0.999965	3.47883e-05	1.87341e-06	0.999998
N/A	0.00139436	0.999978	2.2145e-05	1.09161e-05	0.999989
N/A	0.00139439	0.999965	3.49928e-05	1.57769e-08	1
N/A	0.00139451	0.999976	2.37553e-05	8.68291e-08	1
N/A	0.00139451	0.999969	3.1299e-05	9.6405e-05	0.999904
N/A	0.00139463	0.999965	3.46856e-05	6.74484e-05	0.999933
N/A	0.00139464	0.99997	2.99575e-05	4.72303e-08	1
N/A	0.00139475	0.999975	2.46942e-05	0.000321213	0.999679
N/A	0.00139478	0.999971	2.92322e-05	1.47624e-06	0.999999
N/A	0.00139484	0.999966	3.35002e-05	0.000391844	0.999608
N/A	0.00139495	0.999965	3.54523e-05	0.000397442	0.999603
N/A	0.00139505	0.999971	2.8661e-05	1.68426e-05	0.999983
N/A	0.00139514	0.999971	2.85039e-05	5.56214e-05	0.999944
N/A	0.00139525	0.999968	3.1646e-05	2.11465e-08	1
N/A	0.00139528	0.999973	2.74039e-05	1.45783e-09	1
N/A	0.00139532	0.999963	3.73967e-05	7.53436e-08	1
N/A	0.00139564	0.999959	4.11707e-05	2.65155e-08	1
N/A	0.0013957	0.999966	3.41168e-05	8.49247e-07	0.999999
N/A	0.0013957	0.999968	3.24849e-05	3.34926e-07	1
N/A	0.00139591	0.999971	2.94178e-05	7.03543e-09	1
N/A	0.00139594	0.999973	2.73851e-05	3.53978e-08	1
N/A	0.00139597	0.999967	3.30983e-05	3.48847e-06	0.999997
N/A	0.00139598	0.999974	2.60709e-05	3.49982e-09	1
N/A	0.00139603	0.999972	2.77921e-05	1.46378e-08	1
N/A	0.00139616	0.999968	3.21132e-05	3.93272e-07	1
N/A	0.00139622	0.999959	4.09817e-05	0.000423157	0.999577
N/A	0.00139622	0.999976	2.35955e-05	3.1486e-05	0.999969
N/A	0.00139637	0.999963	3.68557e-05	7.87627e-06	0.999992
N/A	0.00139644	0.999972	2.78117e-05	2.22049e-07	1
N/A	0.00139647	0.999971	2.89746e-05	1.50239e-08	1
N/A	0.00139648	0.999971	2.926e-05	7.70822e-08	1
N/A	0.00139649	0.999966	3.40283e-05	1.84544e-09	1
N/A	0.00139656	0.99998	2.03185e-05	1.53106e-09	1
N/A	0.00139674	0.99997	3.03634e-05	0.000725633	0.999274
N/A	0.00139685	0.999971	2.88446e-05	2.01076e-08	1
N/A	0.0013969	0.999964	3.56381e-05	2.7534e-06	0.999997
N/A	0.001397	0.999979	2.07445e-05	8.92107e-07	0.999999
N/A	0.00139702	0.999975	2.48373e-05	1.73451e-05	0.999983
N/A	0.00139703	0.999975	2.45451e-05	0.000141246	0.999859
N/A	0.00139708	0.999973	2.65937e-05	2.59312e-06	0.999997
N/A	0.00139715	0.999957	4.25665e-05	0.000178957	0.999821
N/A	0.00139747	0.999965	3.50139e-05	2.68886e-05	0.999973
N/A	0.0013975	0.999968	3.1583e-05	6.64906e-05	0.999934
N/A	0.00139772	0.999969	3.12546e-05	2.60909e-09	1
N/A	0.00139781	0.99997	3.04995e-05	3.43624e-06	0.999997
N/A	0.00139784	0.999973	2.68524e-05	2.60937e-08	1
N/A	0.00139797	0.999971	2.92945e-05	5.61564e-08	1
N/A	0.00139797	0.999961	3.94088e-05	3.69131e-06	0.999996
N/A	0.00139805	0.999969	3.09479e-05	0.000518775	0.999481
N/A	0.00139823	0.99997	2.95654e-05	5.22257e-05	0.999948
N/A	0.00139823	0.999971	2.90003e-05	2.74397e-08	1
N/A	0.00139828	0.999966	3.35557e-05	3.82941e-09	1
N/A	0.0013983	0.999965	3.45444e-05	7.59463e-09	1
N/A	0.00139831	0.99997	3.01622e-05	3.80129e-06	0.999996
N/A	0.00139834	0.999964	3.60458e-05	1.04263e-06	0.999999
N/A	0.00139836	0.999972	2.75779e-05	1.8627e-07	1
N/A	0.00139842	0.999964	3.61184e-05	3.61331e-09	1
N/A	0.00139843	0.999962	3.81382e-05	6.47592e-09	1
N/A	0.0013986	0.99996	4.01932e-05	6.28843e-05	0.999937
N/A	0.00139873	0.999967	3.25161e-05	1.9807e-06	0.999998
N/A	0.00139885	0.999971	2.85073e-05	4.97435e-05	0.99995
N/A	0.001399	0.999964	3.64105e-05	3.30357e-07	1
N/A	0.00139902	0.999962	3.81753e-05	0.000776489	0.999224
N/A	0.00139905	0.99997	3.02378e-05	6.65991e-09	1
N/A	0.0013991	0.999976	2.3814e-05	3.89839e-06	0.999996
N/A	0.00139917	0.999965	3.50452e-05	9.59589e-07	0.999999
N/A	0.0013992	0.999975	2.52092e-05	0.000190808	0.999809
N/A	0.00139923	0.999968	3.16926e-05	3.85064e-07	1
N/A	0.00139931	0.999974	2.59062e-05	2.70863e-07	1
N/A	0.00139935	0.999964	3.64903e-05	2.93998e-06	0.999997
N/A	0.00139951	0.999979	2.12715e-05	9.85821e-05	0.999901
N/A	0.00139956	0.999951	4.89372e-05	7.42659e-07	0.999999
N/A	0.0013996	0.999977	2.28936e-05	4.4353e-05	0.999956
N/A	0.00139964	0.999979	2.09158e-05	4.25704e-06	0.999996
N/A	0.00139966	0.999964	3.63103e-05	1.48367e-06	0.999999
N/A	0.00139966	0.99997	2.96545e-05	2.49322e-07	1
N/A	0.00139968	0.999973	2.66465e-05	3.99974e-06	0.999996
N/A	0.00139971	0.999958	4.19142e-05	2.75771e-08	1
N/A	0.00139971	0.999964	3.59779e-05	1.57212e-08	1
N/A	0.00139981	0.999979	2.14837e-05	3.32761e-08	1
N/A	0.00139995	0.99997	2.95595e-05	7.41699e-07	0.999999
N/A	0.00139995	0.999965	3.45251e-05	6.82733e-07	0.999999
N/A	0.00140002	0.999962	3.75931e-05	2.37201e-06	0.999998
N/A	0.0014001	0.999982	1.83084e-05	5.1298e-06	0.999995
N/A	0.00140013	0.999972	2.78774e-05	5.10177e-05	0.999949
N/A	0.00140018	0.999969	3.08987e-05	1.86333e-09	1
N/A	0.00140021	0.999977	2.31289e-05	4.64127e-07	1
N/A	0.00140039	0.999963	3.68801e-05	6.02915e-05	0.99994
N/A	0.0014004	0.999952	4.75918e-05	8.8018e-06	0.999991
N/A	0.00140042	0.999969	3.07232e-05	1.45373e-08	1
N/A	0.00140042	0.999966	3.43672e-05	1.58946e-07	1
N/A	0.00140049	0.999974	2.56147e-05	1.35429e-05	0.999986
N/A	0.0014005	0.999966	3.38092e-05	0.000360978	0.999639
N/A	0.00140056	0.999969	3.08755e-05	3.51013e-09	1
N/A	0.00140057	0.999964	3.64884e-05	1.19544e-05	0.999988
N/A	0.00140064	0.999965	3.54077e-05	9.67765e-08	1
N/A	0.00140067	0.999961	3.88782e-05	5.18733e-06	0.999995
N/A	0.00140074	0.999978	2.18935e-05	7.54933e-07	0.999999
N/A	0.00140074	0.999971	2.92499e-05	9.58031e-08	1
N/A	0.0014008	0.999972	2.75139e-05	3.06522e-09	1
N/A	0.001401	0.999973	2.68477e-05	4.41828e-07	1
N/A	0.00140101	0.999977	2.29591e-05	8.55455e-09	1
N/A	0.00140107	0.999971	2.91871e-05	8.72559e-06	0.999991
N/A	0.00140108	0.999971	2.93672e-05	2.97401e-07	1
N/A	0.00140109	0.999959	4.13663e-05	3.1915e-07	1
N/A	0.00140121	0.999968	3.20376e-05	2.77678e-06	0.999997
N/A	0.00140123	0.999971	2.92627e-05	3.45872e-06	0.999997
N/A	0.00140124	0.999973	2.66665e-05	0.000144074	0.999856
N/A	0.00140127	0.99997	3.03632e-05	0.000107435	0.999893
N/A	0.00140128	0.999956	4.43516e-05	7.10432e-05	0.999929
N/A	0.00140132	0.999976	2.38089e-05	0.000460046	0.99954
N/A	0.00140138	0.999962	3.79852e-05	6.06513e-08	1
N/A	0.00140145	0.999968	3.21216e-05	1.36922e-09	1
N/A	0.00140145	0.999959	4.12537e-05	6.38351e-09	1
N/A	0.00140145	0.99997	2.96049e-05	1.15481e-08	1
N/A	0.00140146	0.999962	3.7545e-05	9.81818e-09	1
N/A	0.00140148	0.99996	4.02327e-05	3.2114e-09	1
N/A	0.00140162	0.999964	3.634e-05	0.000780029	0.99922
N/A	0.00140167	0.999964	3.59445e-05	1.15568e-07	1
N/A	0.00140169	0.999971	2.93433e-05	3.49398e-05	0.999965
N/A	0.00140173	0.999971	2.8591e-05	6.51881e-08	1
N/A	0.00140174	0.999967	3.34213e-05	1.64133e-09	1
N/A	0.00140199	0.999962	3.84418e-05	1.27122e-06	0.999999
N/A	0.00140216	0.999964	3.64631e-05	6.59186e-06	0.999993
N/A	0.00140219	0.999977	2.30943e-05	2.77482e-07	1
N/A	0.00140236	0.999974	2.59401e-05	7.20481e-07	0.999999
N/A	0.00140244	0.999976	2.35308e-05	0.000252375	0.999748
N/A	0.0014025	0.999966	3.41346e-05	5.16318e-08	1
N/A	0.00140252	0.999978	2.2473e-05	2.50125e-06	0.999997
N/A	0.00140254	0.999971	2.86606e-05	4.82101e-07	1
N/A	0.00140263	0.999975	2.51123e-05	2.44862e-09	1
N/A	0.00140264	0.999974	2.58481e-05	7.62544e-06	0.999992
N/A	0.00140271	0.999971	2.87005e-05	2.45479e-07	1
N/A	0.00140279	0.999969	3.13156e-05	3.11352e-09	1
N/A	0.00140289	0.999963	3.69457e-05	1.33978e-07	1
N/A	0.00140302	0.999969	3.09362e-05	5.05019e-06	0.999995
N/A	0.00140309	0.999965	3.46872e-05	4.10297e-09	1
N/A	0.00140311	0.999982	1.84688e-05	6.10033e-06	0.999994
N/A	0.00140312	0.999977	2.25629e-05	1.95373e-05	0.99998
N/A	0.00140317	0.999966	3.36075e-05	5.04608e-07	0.999999
N/A	0.00140318	0.999978	2.24114e-05	8.75273e-07	0.999999
N/A	0.0014033	0.99997	2.95242e-05	2.26356e-09	1
N/A	0.00140331	0.99997	2.98089e-05	1.34733e-07	1
N/A	0.00140333	0.999969	3.08248e-05	2.48351e-09	1
N/A	0.00140334	0.999964	3.56263e-05	2.70449e-05	0.999973
N/A	0.00140339	0.999975	2.4773e-05	0.000389478	0.999611
N/A	0.0014034	0.999956	4.35013e-05	1.07254e-05	0.999989
N/A	0.00140342	0.999973	2.65066e-05	1.67831e-09	1
N/A	0.00140344	0.999969	3.11162e-05	0.000207189	0.999793
N/A	0.00140349	0.999973	2.66947e-05	0.000261362	0.999739
N/A	0.00140349	0.99997	2.99309e-05	4.82827e-08	1
N/A	0.00140354	0.999963	3.71124e-05	2.1719e-09	1
N/A	0.00140356	0.999977	2.28894e-05	2.74326e-05	0.999973
N/A	0.00140363	0.999957	4.33739e-05	2.04238e-06	0.999998
N/A	0.00140371	0.999959	4.10574e-05	8.23352e-08	1
N/A	0.00140379	0.999966	3.36421e-05	2.50585e-09	1
N/A	0.00140379	0.999981	1.90344e-05	7.73107e-05	0.999923
N/A	0.00140379	0.999978	2.16749e-05	1.55752e-09	1
N/A	0.00140384	0.999975	2.52592e-05	0.0003098	0.99969
N/A	0.00140387	0.99997	2.99672e-05	0.000134062	0.999866
N/A	0.00140389	0.999971	2.93153e-05	1.46954e-06	0.999999
N/A	0.00140389	0.999962	3.79448e-05	8.04012e-05	0.99992
N/A	0.00140396	0.999967	3.30701e-05	1.23782e-06	0.999999
N/A	0.00140401	0.999964	3.59559e-05	3.72612e-08	1
N/A	0.00140414	0.999974	2.55351e-05	7.79234e-09	1
N/A	0.00140415	0.99997	3.01296e-05	9.71034e-07	0.999999
N/A	0.00140418	0.999983	1.65401e-05	1.83996e-08	1
N/A	0.00140423	0.999971	2.87447e-05	3.55468e-06	0.999996
N/A	0.00140445	0.999972	2.75191e-05	1.5821e-05	0.999984
N/A	0.00140446	0.99997	3.02836e-05	5.74658e-06	0.999994
N/A	0.00140447	0.999973	2.68945e-05	0.000169042	0.999831
N/A	0.00140453	0.999961	3.89108e-05	0.000371465	0.999629
N/A	0.00140454	0.99997	3.04181e-05	9.2361e-06	0.999991
N/A	0.00140455	0.999972	2.78027e-05	5.61545e-08	1
N/A	0.00140462	0.999966	3.35147e-05	0.000304733	0.999695
N/A	0.00140467	0.999973	2.68003e-05	4.85475e-08	1
N/A	0.00140472	0.999965	3.46518e-05	4.4351e-06	0.999996
N/A	0.00140474	0.999974	2.62923e-05	2.86243e-06	0.999997
N/A	0.00140479	0.999967	3.28397e-05	4.48692e-05	0.999955
N/A	0.00140479	0.99997	2.96813e-05	1.03127e-07	1
N/A	0.00140481	0.99997	2.99705e-05	0.000150612	0.999849
N/A	0.00140489	0.999971	2.86037e-05	1.38597e-07	1
N/A	0.00140503	0.999966	3.36769e-05	0.000143801	0.999856
N/A	0.00140505	0.999962	3.77367e-05	1.84866e-08	1
N/A	0.00140513	0.999968	3.19939e-05	2.70625e-05	0.999973
N/A	0.00140513	0.999976	2.36152e-05	8.10812e-05	0.999919
N/A	0.00140517	0.99997	3.04558e-05	1.67921e-08	1
N/A	0.0014053	0.999971	2.94051e-05	1.15102e-08	1
N/A	0.00140536	0.999975	2.502e-05	4.62722e-07	1
N/A	0.00140541	0.999976	2.42835e-05	1.17135e-05	0.999988
N/A	0.00140549	0.999971	2.93332e-05	0.000237513	0.999762
N/A	0.0014055	0.999973	2.69019e-05	1.19087e-07	1
N/A	0.00140558	0.999972	2.77225e-05	1.91581e-06	0.999998
N/A	0.00140564	0.999972	2.7993e-05	0.000218065	0.999782
N/A	0.00140567	0.99997	3.01755e-05	7.06008e-07	0.999999
N/A	0.00140574	0.999958	4.20815e-05	2.15985e-05	0.999978
N/A	0.00140576	0.99997	2.95394e-05	2.53473e-05	0.999975
N/A	0.00140578	0.999974	2.56362e-05	0.000512513	0.999487
N/A	0.00140583	0.999963	3.68555e-05	9.70821e-08	1
N/A	0.00140584	0.999957	4.28404e-05	0.000318285	0.999682
N/A	0.00140589	0.99997	3.04296e-05	3.8487e-06	0.999996
N/A	0.00140595	0.999961	3.93632e-05	1.14278e-08	1
N/A	0.00140595	0.999981	1.87485e-05	2.83011e-08	1
N/A	0.00140599	0.999956	4.42057e-05	0.000171911	0.999828
N/A	0.001406	0.999971	2.87363e-05	0.000256111	0.999744
N/A	0.00140603	0.999967	3.34977e-05	1.66123e-09	1
N/A	0.00140603	0.999964	3.58919e-05	1.33886e-09	1
N/A	0.00140606	0.999967	3.35e-05	2.34472e-07	1
N/A	0.00140613	0.999982	1.78837e-05	7.34893e-08	1
N/A	0.00140622	0.999976	2.43143e-05	1.30164e-09	1
N/A	0.00140627	0.999967	3.2736e-05	2.52592e-07	1
N/A	0.00140631	0.999971	2.89883e-05	3.23546e-09	1
N/A	0.00140632	0.999969	3.12907e-05	2.67484e-05	0.999973
N/A	0.00140641	0.999971	2.90096e-05	6.54746e-07	0.999999
N/A	0.00140649	0.999965	3.51194e-05	9.56237e-08	1
N/A	0.0014065	0.999967	3.29326e-05	4.38211e-07	1
N/A	0.00140668	0.999975	2.47226e-05	4.09491e-07	1
N/A	0.00140669	0.999972	2.78718e-05	2.86933e-07	1
N/A	0.00140673	0.999966	3.39145e-05	1.99106e-08	1
N/A	0.00140681	0.999967	3.341e-05	1.40771e-07	1
N/A	0.00140682	0.999963	3.69266e-05	6.01716e-08	1
N/A	0.00140688	0.999971	2.8534e-05	4.01382e-07	1
N/A	0.00140688	0.999976	2.4185e-05	6.67371e-06	0.999993
N/A	0.00140692	0.999975	2.54014e-05	1.98959e-09	1
N/A	0.00140693	0.999969	3.08026e-05	5.24392e-06	0.999995
N/A	0.00140694	0.999969	3.07296e-05	3.66349e-06	0.999996
N/A	0.00140697	0.999973	2.72169e-05	7.61368e-09	1
N/A	0.00140697	0.999971	2.89678e-05	4.91629e-05	0.999951
N/A	0.001407	0.999979	2.10548e-05	4.01932e-06	0.999996
N/A	0.00140709	0.999962	3.84587e-05	3.74525e-08	1
N/A	0.00140709	0.999967	3.30055e-05	1.26358e-05	0.999987
N/A	0.00140713	0.999981	1.93143e-05	1.96867e-05	0.99998
N/A	0.00140714	0.999973	2.65657e-05	2.23075e-08	1
N/A	0.00140714	0.999972	2.82965e-05	9.07606e-05	0.999909
N/A	0.00140718	0.999972	2.82461e-05	3.65741e-08	1
N/A	0.00140722	0.999972	2.82207e-05	1.86071e-08	1
N/A	0.00140726	0.99997	3.0207e-05	7.76727e-09	1
N/A	0.00140733	0.999973	2.68615e-05	7.91589e-05	0.999921
N/A	0.00140737	0.999963	3.68383e-05	1.3701e-08	1
N/A	0.00140742	0.999965	3.47161e-05	2.18898e-05	0.999978
N/A	0.00140743	0.999969	3.05015e-05	1.14476e-05	0.999989
N/A	0.00140752	0.999963	3.73699e-05	0.000291919	0.999708
N/A	0.00140755	0.999976	2.43892e-05	1.54773e-06	0.999998
N/A	0.00140759	0.999963	3.70497e-05	4.02597e-09	1
N/A	0.00140764	0.999969	3.08473e-05	9.09091e-07	0.999999
N/A	0.00140766	0.999973	2.6931e-05	4.73341e-09	1
N/A	0.00140781	0.999973	2.74348e-05	3.9676e-08	1
N/A	0.00140786	0.999982	1.8466e-05	2.1564e-06	0.999998
N/A	0.00140803	0.99997	2.96187e-05	1.13107e-08	1
N/A	0.00140804	0.999975	2.51768e-05	1.61651e-06	0.999998
N/A	0.00140815	0.999964	3.63597e-05	6.57561e-09	1
N/A	0.00140815	0.999961	3.92694e-05	0.000225827	0.999774
N/A	0.00140818	0.999958	4.16843e-05	4.57436e-09	1
N/A	0.00140828	0.999963	3.72446e-05	2.80543e-07	1
N/A	0.00140829	0.999972	2.80541e-05	0.000435562	0.999564
N/A	0.00140829	0.999972	2.75892e-05	2.06767e-07	1
N/A	0.00140831	0.999979	2.14092e-05	2.35684e-07	1
N/A	0.00140836	0.999955	4.45221e-05	0.000367258	0.999633
N/A	0.00140846	0.999967	3.34433e-05	1.30774e-08	1
N/A	0.0014085	0.999981	1.94588e-05	0.000482377	0.999518
N/A	0.00140864	0.999969	3.10842e-05	0.000182611	0.999817
N/A	0.00140874	0.999958	4.16938e-05	5.66679e-09	1
N/A	0.00140875	0.999965	3.47513e-05	4.10972e-05	0.999959
N/A	0.00140877	0.999953	4.70018e-05	8.87908e-05	0.999911
N/A	0.00140885	0.999962	3.76014e-05	1.05148e-06	0.999999
N/A	0.00140892	0.999966	3.43543e-05	1.19569e-09	1
N/A	0.00140893	0.99997	3.04592e-05	7.72191e-08	1
N/A	0.00140893	0.999973	2.6534e-05	0.000205381	0.999795
N/A	0.00140898	0.999974	2.55994e-05	0.000192433	0.999808
N/A	0.001409	0.999972	2.76593e-05	3.94475e-05	0.999961
N/A	0.00140907	0.999963	3.6931e-05	1.06363e-06	0.999999
N/A	0.00140908	0.999975	2.54351e-05	0.000253849	0.999746
N/A	0.00140909	0.999972	2.84151e-05	0.000204102	0.999796
N/A	0.0014091	0.99997	3.01268e-05	1.09621e-05	0.999989
N/A	0.00140911	0.999955	4.48626e-05	2.9623e-05	0.99997
N/A	0.00140925	0.999968	3.23186e-05	4.32969e-09	1
N/A	0.00140932	0.999968	3.2269e-05	3.99134e-08	1
N/A	0.00140936	0.999977	2.25051e-05	9.1121e-06	0.999991
N/A	0.0014095	0.999961	3.90208e-05	1.17572e-08	1
N/A	0.00140954	0.99998	2.00848e-05	5.8482e-09	1
N/A	0.00140959	0.999974	2.56931e-05	1.59876e-07	1
N/A	0.0014098	0.999972	2.77508e-05	3.51523e-06	0.999996
N/A	0.00140986	0.999971	2.85227e-05	8.44952e-09	1
N/A	0.00140989	0.999981	1.92812e-05	2.57154e-08	1
N/A	0.0014099	0.999963	3.66658e-05	2.77047e-05	0.999972
N/A	0.00140992	0.999962	3.83684e-05	1.17643e-07	1
N/A	0.00140992	0.999966	3.41608e-05	1.17475e-07	1
N/A	0.00140992	0.999973	2.65946e-05	3.6292e-08	1
N/A	0.00140996	0.999971	2.89173e-05	1.42612e-06	0.999999
N/A	0.00140998	0.999967	3.31198e-05	2.69697e-09	1
N/A	0.00141003	0.999973	2.73272e-05	8.49958e-06	0.999992
N/A	0.00141016	0.999963	3.65385e-05	2.80391e-08	1
N/A	0.00141021	0.999974	2.55714e-05	4.58349e-07	1
N/A	0.00141022	0.999964	3.62935e-05	1.38872e-07	1
N/A	0.00141023	0.999973	2.69156e-05	3.0054e-09	1
N/A	0.00141031	0.999971	2.93393e-05	3.08314e-05	0.999969
N/A	0.00141034	0.999967	3.2666e-05	2.35687e-06	0.999998
N/A	0.00141051	0.999957	4.25183e-05	0.000105615	0.999894
N/A	0.00141064	0.999963	3.68908e-05	4.00561e-07	1
N/A	0.00141067	0.999965	3.49303e-05	7.1171e-08	1
N/A	0.00141085	0.999966	3.39593e-05	6.6814e-09	1
N/A	0.00141089	0.999977	2.30324e-05	0.000479623	0.99952
N/A	0.00141099	0.999968	3.15372e-05	4.73099e-07	1
N/A	0.00141106	0.999969	3.05101e-05	0.000329487	0.999671
N/A	0.0014111	0.999972	2.82976e-05	7.24259e-07	0.999999
N/A	0.00141114	0.999958	4.20127e-05	5.59249e-06	0.999994
N/A	0.00141118	0.999967	3.2601e-05	0.000197758	0.999802
N/A	0.0014112	0.999963	3.66441e-05	1.60038e-06	0.999998
N/A	0.00141123	0.999975	2.49252e-05	1.62163e-08	1
N/A	0.00141125	0.999961	3.93653e-05	1.65252e-07	1
N/A	0.00141129	0.999966	3.41786e-05	1.23756e-07	1
N/A	0.00141134	0.999974	2.62841e-05	1.05111e-08	1
N/A	0.00141135	0.999959	4.06744e-05	2.81853e-05	0.999972
N/A	0.00141146	0.999967	3.31973e-05	3.77824e-05	0.999962
N/A	0.00141151	0.999967	3.33218e-05	4.62784e-09	1
N/A	0.00141165	0.999975	2.4514e-05	0.000295221	0.999705
N/A	0.00141169	0.99997	3.01185e-05	3.21739e-08	1
N/A	0.00141174	0.999978	2.24352e-05	0.000743838	0.999256
N/A	0.00141189	0.999979	2.10324e-05	5.73959e-09	1
N/A	0.00141195	0.999974	2.61191e-05	1.15599e-05	0.999988
N/A	0.00141197	0.999971	2.87098e-05	3.29156e-06	0.999997
N/A	0.00141198	0.999964	3.59631e-05	1.18847e-06	0.999999
N/A	0.001412	0.999966	3.42122e-05	8.53109e-05	0.999915
N/A	0.001412	0.999965	3.50658e-05	2.7726e-09	1
N/A	0.00141201	0.999962	3.80363e-05	2.18082e-09	1
N/A	0.00141211	0.999971	2.93619e-05	4.516e-07	1
N/A	0.00141212	0.999968	3.20239e-05	0.000880152	0.99912
N/A	0.00141216	0.999968	3.18465e-05	5.02931e-06	0.999995
N/A	0.0014122	0.999962	3.81977e-05	0.000125029	0.999875
N/A	0.00141222	0.999964	3.59602e-05	1.02826e-07	1
N/A	0.0014123	0.999973	2.68173e-05	1.98677e-06	0.999998
N/A	0.0014124	0.999971	2.94687e-05	6.492e-05	0.999935
N/A	0.00141257	0.999967	3.30143e-05	4.51686e-06	0.999995
N/A	0.00141261	0.999977	2.31428e-05	4.00063e-06	0.999996
N/A	0.00141264	0.999971	2.88024e-05	1.24735e-09	1
N/A	0.00141273	0.999969	3.06381e-05	0.000198439	0.999802
N/A	0.00141279	0.999972	2.8267e-05	0.000720826	0.999279
N/A	0.00141283	0.999967	3.30494e-05	0.000311979	0.999688
N/A	0.00141286	0.999975	2.45078e-05	0.000159674	0.99984
N/A	0.00141289	0.999976	2.39935e-05	7.99426e-05	0.99992
N/A	0.00141297	0.999977	2.33159e-05	0.000108825	0.999891
N/A	0.00141306	0.999973	2.68761e-05	7.72957e-05	0.999923
N/A	0.00141307	0.999976	2.38221e-05	8.20593e-09	1
N/A	0.00141313	0.999967	3.29052e-05	1.44381e-08	1
N/A	0.00141324	0.999965	3.51853e-05	1.96308e-05	0.99998
N/A	0.00141329	0.999967	3.3201e-05	1.54973e-09	1
N/A	0.00141344	0.999959	4.1012e-05	0.000101002	0.999899
N/A	0.00141346	0.999971	2.93399e-05	3.37599e-05	0.999966
N/A	0.00141348	0.999976	2.37236e-05	1.41901e-07	1
N/A	0.00141356	0.999973	2.67466e-05	2.6173e-07	1
N/A	0.0014136	0.999974	2.63844e-05	1.17166e-07	1
N/A	0.00141365	0.999975	2.53164e-05	0.00076881	0.999231
N/A	0.00141365	0.999962	3.7961e-05	6.94192e-05	0.999931
N/A	0.00141367	0.999979	2.12611e-05	4.78716e-08	1
N/A	0.00141375	0.999979	2.10217e-05	7.97042e-07	0.999999
N/A	0.00141385	0.999975	2.50876e-05	0.000114747	0.999885
N/A	0.0014139	0.999965	3.46873e-05	2.88018e-07	1
N/A	0.00141394	0.999966	3.35095e-05	3.59347e-06	0.999996
N/A	0.00141396	0.999966	3.43953e-05	5.95405e-09	1
N/A	0.001414	0.999962	3.84499e-05	0.000173915	0.999826
N/A	0.00141413	0.999972	2.83862e-05	3.46277e-08	1
N/A	0.00141418	0.999974	2.56771e-05	1.84621e-06	0.999998
N/A	0.00141419	0.999954	4.57949e-05	0.000223673	0.999776
N/A	0.0014142	0.999972	2.82998e-05	7.67084e-05	0.999923
N/A	0.00141421	0.999965	3.54706e-05	9.57099e-08	1
N/A	0.00141428	0.999967	3.29476e-05	2.53917e-09	1
N/A	0.00141436	0.999977	2.29685e-05	1.42872e-09	1
N/A	0.00141437	0.999952	4.76474e-05	6.90688e-09	1
N/A	0.00141438	0.999977	2.33555e-05	0.000282663	0.999717
N/A	0.00141441	0.999974	2.58729e-05	1.76794e-09	1
N/A	0.00141446	0.999963	3.7195e-05	1.55838e-07	1
N/A	0.0014145	0.999969	3.11898e-05	1.93812e-07	1
N/A	0.00141457	0.999962	3.84182e-05	4.43186e-07	1
N/A	0.00141459	0.999964	3.56097e-05	1.62987e-07	1
N/A	0.00141461	0.99996	4.02478e-05	2.79572e-06	0.999997
N/A	0.00141464	0.999969	3.1325e-05	6.05185e-07	0.999999
N/A	0.00141464	0.999971	2.91833e-05	5.64462e-08	1
N/A	0.00141467	0.999962	3.78624e-05	1.03348e-07	1
N/A	0.00141475	0.999974	2.57961e-05	0.000169653	0.99983
N/A	0.00141489	0.999975	2.48575e-05	1.2988e-09	1
N/A	0.00141508	0.99998	1.96264e-05	2.20939e-06	0.999998
N/A	0.00141518	0.999963	3.6546e-05	1.75922e-05	0.999982
N/A	0.00141526	0.999964	3.58158e-05	1.50317e-07	1
N/A	0.00141527	0.999969	3.12367e-05	8.80218e-06	0.999991
N/A	0.00141533	0.999963	3.65091e-05	5.95554e-06	0.999994
N/A	0.00141542	0.999971	2.94557e-05	2.81801e-05	0.999972
N/A	0.00141545	0.999977	2.32389e-05	0.0008236	0.999176
N/A	0.00141547	0.999963	3.74119e-05	3.20602e-08	1
N/A	0.00141559	0.999975	2.50299e-05	7.51927e-07	0.999999
N/A	0.00141559	0.999972	2.81134e-05	0.000282708	0.999717
N/A	0.00141572	0.999978	2.21729e-05	3.96254e-07	1
N/A	0.00141587	0.999969	3.13256e-05	9.8698e-05	0.999901
N/A	0.00141588	0.999975	2.53782e-05	9.81144e-09	1
N/A	0.00141588	0.999974	2.57454e-05	6.34209e-05	0.999937
N/A	0.001416	0.999965	3.53854e-05	5.75862e-05	0.999942
N/A	0.00141606	0.999964	3.63975e-05	0.000108818	0.999891
N/A	0.00141609	0.999968	3.22832e-05	0.000416078	0.999584
N/A	0.00141613	0.999968	3.1597e-05	0.000290995	0.999709
N/A	0.00141614	0.999971	2.91724e-05	8.79556e-09	1
N/A	0.00141617	0.999975	2.54126e-05	2.3545e-09	1
N/A	0.00141625	0.999974	2.63979e-05	4.15754e-06	0.999996
N/A	0.00141629	0.999968	3.19347e-05	1.04818e-05	0.99999
N/A	0.00141634	0.999978	2.16402e-05	0.000215219	0.999785
N/A	0.00141636	0.999972	2.83132e-05	1.6445e-05	0.999984
N/A	0.00141637	0.999966	3.40042e-05	8.90053e-05	0.999911
N/A	0.00141638	0.999967	3.31986e-05	1.37526e-05	0.999986
N/A	0.00141641	0.999972	2.78431e-05	0.000485372	0.999515
N/A	0.00141649	0.999963	3.71619e-05	1.4416e-08	1
N/A	0.00141652	0.999977	2.26424e-05	1.56507e-06	0.999998
N/A	0.00141654	0.999965	3.45752e-05	8.35685e-07	0.999999
N/A	0.0014166	0.99997	3.04014e-05	2.55999e-06	0.999997
N/A	0.00141664	0.999967	3.32201e-05	0.000292091	0.999708
N/A	0.00141674	0.999966	3.3525e-05	5.282e-06	0.999995
N/A	0.0014168	0.999963	3.70134e-05	5.57404e-06	0.999994
N/A	0.00141682	0.999975	2.46257e-05	1.75863e-05	0.999982
N/A	0.00141683	0.999962	3.82718e-05	2.70262e-07	1
N/A	0.00141683	0.999956	4.3924e-05	1.73034e-08	1
N/A	0.0014169	0.99998	2.03059e-05	6.5589e-06	0.999993
N/A	0.00141693	0.99998	2.01283e-05	1.79444e-08	1
N/A	0.00141694	0.999975	2.50103e-05	0.000246348	0.999754
N/A	0.00141694	0.999965	3.51061e-05	6.78979e-05	0.999932
N/A	0.00141698	0.999982	1.79987e-05	1.32711e-08	1
N/A	0.00141709	0.999975	2.54857e-05	3.88861e-07	1
N/A	0.00141711	0.999969	3.0878e-05	2.98208e-06	0.999997
N/A	0.00141717	0.999967	3.33456e-05	5.76434e-05	0.999942
N/A	0.00141722	0.999977	2.34241e-05	5.40371e-07	0.999999
N/A	0.00141726	0.999961	3.86215e-05	3.55553e-06	0.999996
N/A	0.0014173	0.999961	3.92087e-05	0.000518119	0.999482
N/A	0.00141738	0.99996	3.97204e-05	1.48006e-08	1
N/A	0.00141741	0.999965	3.46397e-05	2.97582e-09	1
N/A	0.00141751	0.999976	2.4072e-05	1.13695e-05	0.999989
N/A	0.00141757	0.999966	3.44897e-05	0.00016192	0.999838
N/A	0.00141762	0.999962	3.8472e-05	2.21794e-09	1
N/A	0.00141768	0.999975	2.48317e-05	5.22086e-08	1
N/A	0.00141781	0.999975	2.49615e-05	0.000465819	0.999534
N/A	0.00141783	0.999959	4.05015e-05	1.87698e-07	1
N/A	0.00141789	0.999967	3.3298e-05	1.31811e-09	1
N/A	0.00141795	0.999969	3.07357e-05	6.43273e-09	1
N/A	0.00141806	0.999969	3.10177e-05	0.000330736	0.999669
N/A	0.00141812	0.999959	4.12692e-05	5.67974e-05	0.999943
N/A	0.00141813	0.999963	3.7458e-05	4.62934e-08	1
N/A	0.0014182	0.999974	2.57691e-05	1.02791e-09	1
N/A	0.00141822	0.999972	2.77665e-05	4.61125e-08	1
N/A	0.00141823	0.999968	3.22518e-05	0.000733963	0.999266
N/A	0.00141825	0.999969	3.05755e-05	3.1708e-05	0.999968
N/A	0.00141826	0.999965	3.5342e-05	1.25342e-07	1
N/A	0.0014183	0.999969	3.09016e-05	2.7484e-06	0.999997
N/A	0.00141837	0.999977	2.26679e-05	0.00010298	0.999897
N/A	0.00141843	0.99996	4.02858e-05	1.68838e-07	1
N/A	0.00141846	0.999981	1.86784e-05	4.06464e-06	0.999996
N/A	0.00141848	0.999976	2.43369e-05	5.32902e-09	1
N/A	0.00141854	0.999973	2.74692e-05	2.82365e-09	1
N/A	0.00141864	0.999971	2.8638e-05	3.61015e-06	0.999996
N/A	0.00141866	0.999966	3.40025e-05	2.17081e-09	1
N/A	0.00141867	0.999967	3.26654e-05	3.25724e-09	1
N/A	0.00141868	0.999972	2.81617e-05	5.12807e-06	0.999995
N/A	0.00141875	0.999953	4.69766e-05	1.27328e-09	1
N/A	0.0014188	0.99997	3.02376e-05	2.87423e-05	0.999971
N/A	0.00141882	0.999975	2.47952e-05	0.000106302	0.999894
N/A	0.00141883	0.999977	2.28582e-05	1.62021e-08	1
N/A	0.00141883	0.999969	3.10387e-05	5.85177e-06	0.999994
N/A	0.00141884	0.999971	2.92479e-05	3.66866e-09	1
N/A	0.00141889	0.999961	3.94625e-05	7.81997e-05	0.999922
N/A	0.00141895	0.999982	1.81419e-05	2.18945e-05	0.999978
N/A	0.00141907	0.999965	3.49442e-05	5.19948e-07	0.999999
N/A	0.0014192	0.999972	2.82459e-05	2.03871e-05	0.99998
N/A	0.00141924	0.999963	3.71489e-05	3.65081e-06	0.999996
N/A	0.00141926	0.999963	3.68339e-05	1.09124e-08	1
N/A	0.00141931	0.999969	3.13527e-05	1.56468e-09	1
N/A	0.00141935	0.999963	3.6505e-05	1.61424e-05	0.999984
N/A	0.00141936	0.999965	3.49641e-05	6.01653e-08	1
N/A	0.00141957	0.999966	3.41825e-05	6.84976e-05	0.999932
N/A	0.00141971	0.999973	2.69134e-05	1.73874e-05	0.999983
N/A	0.00141973	0.999963	3.74957e-05	1.52832e-08	1
N/A	0.00141978	0.999976	2.38572e-05	8.48501e-09	1
N/A	0.00141978	0.999971	2.87031e-05	1.19029e-05	0.999988
N/A	0.0014198	0.999966	3.39366e-05	2.80716e-09	1
N/A	0.00141984	0.999974	2.61624e-05	0.000259882	0.99974
N/A	0.0014199	0.999969	3.09729e-05	6.56035e-07	0.999999
N/A	0.00141996	0.999959	4.06581e-05	5.43321e-06	0.999995
N/A	0.00142014	0.999965	3.51265e-05	1.11055e-09	1
N/A	0.00142014	0.999976	2.4017e-05	5.96789e-09	1
N/A	0.00142031	0.999977	2.2974e-05	1.87108e-05	0.999981
N/A	0.00142034	0.999975	2.48366e-05	6.6384e-06	0.999993
N/A	0.00142035	0.999967	3.26743e-05	9.40252e-09	1
N/A	0.00142037	0.999969	3.10385e-05	0.000157908	0.999842
N/A	0.00142073	0.999969	3.10007e-05	3.94871e-09	1
N/A	0.00142077	0.99998	1.99095e-05	9.34769e-09	1
N/A	0.00142084	0.999967	3.31573e-05	2.09753e-05	0.999979
N/A	0.00142087	0.999971	2.94127e-05	2.45429e-06	0.999998
N/A	0.00142088	0.999963	3.72706e-05	1.14326e-05	0.999989
N/A	0.0014209	0.999981	1.8619e-05	1.44187e-08	1
N/A	0.00142092	0.999974	2.56862e-05	7.02754e-09	1
N/A	0.00142095	0.999974	2.63726e-05	4.34949e-06	0.999996
N/A	0.00142096	0.999967	3.25212e-05	4.74595e-08	1
N/A	0.001421	0.999972	2.83996e-05	2.21967e-09	1
N/A	0.00142106	0.999976	2.40782e-05	1.84461e-09	1
N/A	0.00142113	0.999972	2.78236e-05	6.98185e-09	1
N/A	0.00142115	0.999974	2.62903e-05	4.65241e-07	1
N/A	0.00142117	0.999971	2.94218e-05	0.000177171	0.999823
N/A	0.00142122	0.999976	2.40319e-05	0.000297201	0.999703
N/A	0.00142123	0.999974	2.62242e-05	5.61425e-07	0.999999
N/A	0.00142135	0.999978	2.21227e-05	2.35256e-05	0.999976
N/A	0.00142137	0.999975	2.53607e-05	1.88992e-06	0.999998
N/A	0.00142145	0.999966	3.397e-05	1.45593e-05	0.999985
N/A	0.0014215	0.999963	3.67058e-05	3.50056e-05	0.999965
N/A	0.00142158	0.999977	2.27271e-05	7.93067e-06	0.999992
N/A	0.00142167	0.999968	3.18287e-05	4.05191e-08	1
N/A	0.00142176	0.999971	2.86091e-05	1.18633e-08	1
N/A	0.00142187	0.99996	3.96913e-05	0.00047494	0.999525
N/A	0.00142187	0.999973	2.74919e-05	5.44965e-05	0.999946
N/A	0.00142198	0.999974	2.58006e-05	1.10599e-08	1
N/A	0.00142198	0.999968	3.15321e-05	2.48232e-09	1
N/A	0.00142212	0.999965	3.4531e-05	1.37297e-07	1
N/A	0.00142217	0.999965	3.52385e-05	3.6755e-06	0.999996
N/A	0.00142221	0.999967	3.29097e-05	4.26088e-05	0.999957
N/A	0.00142222	0.999973	2.67961e-05	1.35489e-08	1
N/A	0.00142228	0.999983	1.7061e-05	1.89413e-05	0.999981
N/A	0.00142229	0.999967	3.29335e-05	4.29343e-08	1
N/A	0.00142238	0.99997	3.00914e-05	8.50365e-06	0.999991
N/A	0.00142254	0.999968	3.19367e-05	1.44564e-06	0.999999
N/A	0.00142262	0.999969	3.11066e-05	9.85342e-06	0.99999
N/A	0.00142284	0.999972	2.75551e-05	1.94261e-06	0.999998
N/A	0.0014229	0.999978	2.22305e-05	3.93555e-05	0.999961
N/A	0.00142291	0.999966	3.43572e-05	0.000804133	0.999196
N/A	0.00142299	0.999962	3.79867e-05	7.93109e-09	1
N/A	0.00142301	0.999961	3.8914e-05	2.4536e-09	1
N/A	0.00142308	0.999967	3.28835e-05	0.000609133	0.999391
N/A	0.00142313	0.999958	4.17935e-05	0.000168628	0.999831
N/A	0.00142314	0.999959	4.05801e-05	1.75195e-09	1
N/A	0.00142318	0.99998	1.98732e-05	3.22106e-06	0.999997
N/A	0.0014233	0.999977	2.25717e-05	5.46123e-07	0.999999
N/A	0.0014233	0.999977	2.27601e-05	1.77712e-08	1
N/A	0.0014234	0.999964	3.58325e-05	8.69031e-07	0.999999
N/A	0.00142345	0.999961	3.92303e-05	1.23058e-08	1
N/A	0.00142348	0.999973	2.66714e-05	7.32295e-08	1
N/A	0.00142361	0.999966	3.44324e-05	0.00019805	0.999802
N/A	0.00142365	0.99996	3.9889e-05	4.64889e-08	1
N/A	0.00142371	0.999968	3.1666e-05	5.93505e-05	0.999941
N/A	0.00142378	0.999968	3.23201e-05	1.64058e-09	1
N/A	0.00142381	0.999962	3.81742e-05	0.000374099	0.999626
N/A	0.00142382	0.999968	3.20644e-05	1.15218e-05	0.999988
N/A	0.00142393	0.999961	3.8574e-05	5.65941e-07	0.999999
N/A	0.00142396	0.999973	2.72933e-05	9.23942e-06	0.999991
N/A	0.00142399	0.99997	2.97784e-05	1.74271e-06	0.999998
N/A	0.001424	0.999965	3.47735e-05	0.000888315	0.999112
N/A	0.00142409	0.999969	3.10735e-05	3.07323e-08	1
N/A	0.0014241	0.999975	2.45466e-05	9.67316e-05	0.999903
N/A	0.00142428	0.999978	2.21913e-05	1.39318e-06	0.999999
N/A	0.00142428	0.999977	2.34674e-05	1.54922e-06	0.999998
N/A	0.0014243	0.99996	4.03259e-05	4.06931e-06	0.999996
N/A	0.00142431	0.999959	4.107e-05	4.23425e-08	1
N/A	0.00142439	0.999974	2.56683e-05	0.000134866	0.999865
N/A	0.00142457	0.999976	2.35479e-05	9.97663e-07	0.999999
N/A	0.0014246	0.999964	3.59234e-05	4.3015e-06	0.999996
N/A	0.0014246	0.999965	3.53023e-05	2.77287e-06	0.999997
N/A	0.00142462	0.99996	3.96499e-05	2.56236e-06	0.999997
N/A	0.00142463	0.999974	2.64332e-05	4.36215e-08	1
N/A	0.00142468	0.999968	3.1524e-05	0.000232375	0.999768
N/A	0.0014247	0.999965	3.5269e-05	5.82934e-05	0.999942
N/A	0.00142476	0.999967	3.28665e-05	6.36309e-07	0.999999
N/A	0.00142477	0.999963	3.74209e-05	4.93667e-06	0.999995
N/A	0.00142482	0.999977	2.25364e-05	0.000453401	0.999547
N/A	0.00142483	0.999973	2.66158e-05	1.45098e-06	0.999999
N/A	0.00142488	0.999975	2.48521e-05	7.50334e-06	0.999992
N/A	0.00142489	0.999978	2.16426e-05	1.43695e-09	1
N/A	0.00142509	0.999957	4.27306e-05	9.42942e-05	0.999906
N/A	0.00142515	0.999974	2.61833e-05	1.34165e-05	0.999987
N/A	0.00142516	0.999963	3.73665e-05	1.48456e-07	1
N/A	0.00142517	0.999972	2.83391e-05	7.87638e-08	1
N/A	0.00142526	0.99997	2.95167e-05	9.37972e-07	0.999999
N/A	0.00142533	0.99997	3.01935e-05	5.63408e-08	1
N/A	0.00142535	0.999978	2.24762e-05	2.75263e-06	0.999997
N/A	0.0014254	0.999976	2.38022e-05	2.5161e-06	0.999997
N/A	0.00142543	0.999959	4.13598e-05	2.36791e-09	1
N/A	0.00142555	0.999971	2.92718e-05	9.98526e-05	0.9999
N/A	0.0014256	0.999965	3.47305e-05	0.000301256	0.999699
N/A	0.00142563	0.999958	4.17574e-05	1.80026e-07	1
N/A	0.00142566	0.999967	3.27732e-05	1.86272e-09	1
N/A	0.00142573	0.99998	2.02154e-05	1.25975e-08	1
N/A	0.00142595	0.999975	2.45486e-05	5.05034e-07	0.999999
N/A	0.00142598	0.999974	2.59292e-05	5.94782e-07	0.999999
N/A	0.00142598	0.999978	2.1643e-05	5.36176e-06	0.999995
N/A	0.00142599	0.999973	2.71205e-05	1.87773e-05	0.999981
N/A	0.0014261	0.999974	2.58566e-05	0.000338619	0.999661
N/A	0.00142616	0.999971	2.87739e-05	1.43466e-07	1
N/A	0.00142619	0.999957	4.26096e-05	1.48039e-07	1
N/A	0.00142633	0.999963	3.67982e-05	2.29836e-09	1
N/A	0.00142635	0.999976	2.44366e-05	3.44782e-06	0.999997
N/A	0.00142646	0.999975	2.52071e-05	7.98764e-06	0.999992
N/A	0.00142646	0.999974	2.56317e-05	1.71033e-07	1
N/A	0.00142653	0.999958	4.24472e-05	1.74034e-07	1
N/A	0.00142653	0.999968	3.24703e-05	1.03326e-09	1
N/A	0.00142655	0.999961	3.91153e-05	2.39274e-09	1
N/A	0.00142659	0.999961	3.9073e-05	1.5421e-07	1
N/A	0.00142659	0.999975	2.52298e-05	3.57977e-09	1
N/A	0.0014266	0.999967	3.30368e-05	6.82881e-08	1
N/A	0.00142679	0.99997	2.96563e-05	1.55335e-06	0.999998
N/A	0.00142686	0.999963	3.66554e-05	1.45085e-09	1
N/A	0.00142688	0.999976	2.37983e-05	1.1176e-09	1
N/A	0.0014269	0.999965	3.4986e-05	0.00026405	0.999736
N/A	0.00142699	0.99997	3.02751e-05	2.68346e-07	1
N/A	0.00142711	0.999959	4.13933e-05	7.7124e-08	1
N/A	0.00142713	0.99996	3.99066e-05	3.0226e-09	1
N/A	0.00142714	0.999959	4.14102e-05	7.78494e-09	1
N/A	0.00142716	0.999977	2.3054e-05	7.08898e-09	1
N/A	0.00142716	0.999955	4.4669e-05	6.72162e-05	0.999933
N/A	0.00142727	0.999968	3.17302e-05	0.000981445	0.999019
N/A	0.00142731	0.999976	2.37637e-05	7.56269e-06	0.999992
N/A	0.00142734	0.999977	2.27768e-05	6.10492e-09	1
N/A	0.00142736	0.999971	2.85152e-05	6.1303e-09	1
N/A	0.00142742	0.999974	2.56317e-05	5.86863e-07	0.999999
N/A	0.00142744	0.999964	3.59722e-05	3.32938e-06	0.999997
N/A	0.0014275	0.999958	4.19332e-05	5.9023e-08	1
N/A	0.00142751	0.999965	3.45875e-05	0.000353485	0.999647
N/A	0.00142758	0.999969	3.12979e-05	1.04792e-07	1
N/A	0.0014276	0.999965	3.50526e-05	0.000140612	0.999859
N/A	0.0014276	0.999975	2.49715e-05	4.04492e-07	1
N/A	0.00142761	0.999968	3.19319e-05	0.00085038	0.99915
N/A	0.00142767	0.99997	3.00272e-05	4.19885e-06	0.999996
N/A	0.00142771	0.999971	2.92074e-05	3.92846e-08	1
N/A	0.00142774	0.999962	3.80582e-05	4.14954e-09	1
N/A	0.00142776	0.999972	2.80924e-05	0.00037267	0.999627
N/A	0.00142789	0.999961	3.89872e-05	3.97632e-09	1
N/A	0.001428	0.999973	2.66179e-05	0.000318258	0.999682
N/A	0.00142804	0.999972	2.81964e-05	1.88666e-08	1
N/A	0.00142815	0.999966	3.37571e-05	0.000382486	0.999618
N/A	0.00142817	0.999976	2.39288e-05	2.45756e-05	0.999975
N/A	0.00142819	0.999975	2.45621e-05	0.000474569	0.999525
N/A	0.00142827	0.999979	2.09111e-05	1.1431e-09	1
N/A	0.0014283	0.999976	2.43494e-05	1.1284e-09	1
N/A	0.00142832	0.999965	3.47448e-05	8.32223e-08	1
N/A	0.0014284	0.999964	3.56653e-05	4.92068e-07	1
N/A	0.00142843	0.99996	4.01158e-05	4.66341e-07	1
N/A	0.00142851	0.999972	2.7861e-05	3.96445e-05	0.99996
N/A	0.00142875	0.999974	2.62579e-05	9.26909e-06	0.999991
N/A	0.00142877	0.999974	2.57499e-05	8.10442e-09	1
N/A	0.0014288	0.999967	3.29161e-05	2.75543e-09	1
N/A	0.0014288	0.99996	4.03565e-05	2.01727e-05	0.99998
N/A	0.00142902	0.999968	3.244e-05	1.41258e-06	0.999999
N/A	0.00142902	0.99997	2.99726e-05	1.08547e-05	0.999989
N/A	0.00142908	0.999965	3.53736e-05	0.000836475	0.999164
N/A	0.00142913	0.999962	3.76175e-05	0.000588207	0.999412
N/A	0.00142913	0.999959	4.12776e-05	2.20368e-05	0.999978
N/A	0.00142924	0.999968	3.17681e-05	9.40536e-06	0.999991
N/A	0.00142929	0.999972	2.83311e-05	2.10729e-09	1
N/A	0.00142935	0.999971	2.87486e-05	5.30128e-05	0.999947
N/A	0.00142943	0.999972	2.79738e-05	5.96862e-05	0.99994
N/A	0.00142945	0.999969	3.05483e-05	1.65982e-06	0.999998
N/A	0.00142952	0.999964	3.62748e-05	1.04337e-05	0.99999
N/A	0.00142955	0.999964	3.64548e-05	5.11967e-09	1
N/A	0.00142964	0.999968	3.24955e-05	0.00054598	0.999454
N/A	0.00142968	0.999974	2.57277e-05	0.000154358	0.999846
N/A	0.00142974	0.999974	2.63447e-05	5.95579e-09	1
N/A	0.00142975	0.999968	3.22823e-05	2.42717e-07	1
N/A	0.00142976	0.999969	3.09202e-05	1.0165e-05	0.99999
N/A	0.00142978	0.999976	2.39774e-05	1.36974e-06	0.999999
N/A	0.00142984	0.999978	2.22995e-05	2.92997e-09	1
N/A	0.00142992	0.999966	3.38264e-05	0.000710624	0.999289
N/A	0.00143005	0.999957	4.31179e-05	1.01463e-06	0.999999
N/A	0.00143006	0.999972	2.75357e-05	9.63476e-05	0.999904
N/A	0.00143013	0.999963	3.67653e-05	1.16032e-08	1
N/A	0.00143015	0.99998	2.02589e-05	7.87742e-07	0.999999
N/A	0.00143017	0.999955	4.54992e-05	3.64933e-05	0.999964
N/A	0.00143039	0.999973	2.67757e-05	4.21236e-05	0.999958
N/A	0.00143044	0.999963	3.69109e-05	3.0213e-05	0.99997
N/A	0.00143045	0.999963	3.69408e-05	1.28903e-07	1
N/A	0.00143053	0.999956	4.39806e-05	0.000734956	0.999265
N/A	0.00143053	0.999968	3.21736e-05	5.28969e-06	0.999995
N/A	0.00143057	0.99997	3.00233e-05	0.000181079	0.999819
N/A	0.00143057	0.999968	3.17683e-05	5.73771e-08	1
N/A	0.00143064	0.999974	2.57763e-05	1.281e-07	1
N/A	0.00143068	0.999975	2.54715e-05	2.00218e-05	0.99998
N/A	0.00143076	0.999971	2.91296e-05	2.47231e-09	1
N/A	0.00143101	0.999959	4.05216e-05	3.55994e-06	0.999996
N/A	0.00143101	0.999968	3.24413e-05	1.47069e-07	1
N/A	0.00143106	0.999967	3.31082e-05	3.53517e-07	1
N/A	0.00143108	0.999973	2.69241e-05	0.000830294	0.99917
N/A	0.00143109	0.999975	2.4831e-05	3.9413e-05	0.999961
N/A	0.00143109	0.999974	2.57318e-05	4.82793e-05	0.999952
N/A	0.00143115	0.999981	1.88133e-05	0.000507757	0.999492
N/A	0.00143121	0.999972	2.78921e-05	0.000487901	0.999512
N/A	0.00143124	0.999962	3.82815e-05	2.58385e-09	1
N/A	0.00143124	0.999966	3.40437e-05	3.72328e-07	1
N/A	0.00143128	0.999976	2.41148e-05	1.67743e-05	0.999983
N/A	0.00143129	0.999968	3.21504e-05	4.32416e-08	1
N/A	0.00143133	0.999969	3.05254e-05	1.28864e-06	0.999999
N/A	0.00143142	0.999958	4.23162e-05	0.000218344	0.999782
N/A	0.00143142	0.999962	3.84489e-05	1.0379e-07	1
N/A	0.00143142	0.999958	4.21847e-05	2.38194e-09	1
N/A	0.00143144	0.999975	2.5118e-05	1.68827e-05	0.999983
N/A	0.00143148	0.999971	2.89663e-05	4.7483e-08	1
N/A	0.00143154	0.999966	3.42379e-05	7.82205e-08	1
N/A	0.00143157	0.999978	2.15265e-05	2.32348e-06	0.999998
N/A	0.00143157	0.999967	3.25343e-05	0.000222709	0.999777
N/A	0.00143158	0.999968	3.23892e-05	7.33473e-07	0.999999
N/A	0.00143159	0.999982	1.82999e-05	9.44354e-09	1
N/A	0.00143161	0.999974	2.62145e-05	1.48421e-06	0.999999
N/A	0.00143163	0.999963	3.65574e-05	2.93572e-07	1
N/A	0.00143172	0.999979	2.07299e-05	1.72544e-06	0.999998
N/A	0.00143184	0.99997	2.97593e-05	1.52497e-07	1
N/A	0.0014319	0.999976	2.35939e-05	6.61629e-06	0.999993
N/A	0.00143208	0.99997	3.03509e-05	3.04127e-07	1
N/A	0.00143209	0.999958	4.19051e-05	3.14765e-07	1
N/A	0.0014321	0.999969	3.12285e-05	8.33132e-08	1
N/A	0.00143215	0.999956	4.42651e-05	1.2732e-07	1
N/A	0.00143215	0.999965	3.51874e-05	3.62949e-06	0.999996
N/A	0.00143217	0.999961	3.87835e-05	2.14752e-07	1
N/A	0.00143234	0.99996	4.04732e-05	2.86799e-08	1
N/A	0.0014324	0.999967	3.34564e-05	8.25538e-09	1
N/A	0.00143252	0.999979	2.07863e-05	3.08379e-05	0.999969
N/A	0.00143254	0.999958	4.16328e-05	7.61144e-05	0.999924
N/A	0.00143255	0.999966	3.39459e-05	7.14196e-05	0.999929
N/A	0.00143256	0.999967	3.30678e-05	6.83087e-06	0.999993
N/A	0.00143265	0.999978	2.2305e-05	1.95204e-06	0.999998
N/A	0.0014328	0.999965	3.45703e-05	4.64552e-05	0.999954
N/A	0.00143295	0.999971	2.89105e-05	3.42249e-06	0.999997
N/A	0.00143298	0.999971	2.85685e-05	1.54295e-05	0.999985
N/A	0.00143299	0.999966	3.40543e-05	0.000263879	0.999736
N/A	0.00143299	0.999978	2.16188e-05	4.56529e-09	1
N/A	0.001433	0.999972	2.77457e-05	9.05756e-08	1
N/A	0.00143318	0.999955	4.48875e-05	1.31819e-08	1
N/A	0.00143325	0.999961	3.92318e-05	1.32226e-08	1
N/A	0.00143329	0.999969	3.13222e-05	1.3922e-07	1
N/A	0.00143339	0.999966	3.41344e-05	2.55336e-09	1
N/A	0.00143352	0.999969	3.1482e-05	3.64291e-05	0.999964
N/A	0.00143364	0.999965	3.50039e-05	2.66006e-08	1
N/A	0.00143365	0.999982	1.84457e-05	2.54814e-08	1
N/A	0.00143366	0.99996	4.00253e-05	1.09103e-06	0.999999
N/A	0.00143366	0.999968	3.17663e-05	9.38277e-06	0.999991
N/A	0.00143371	0.999964	3.56934e-05	1.33426e-06	0.999999
N/A	0.00143372	0.999963	3.74244e-05	6.42229e-08	1
N/A	0.00143373	0.999966	3.42562e-05	6.88806e-08	1
N/A	0.00143375	0.999976	2.38575e-05	0.0001147	0.999885
N/A	0.00143376	0.999955	4.4776e-05	1.18091e-08	1
N/A	0.00143382	0.999967	3.30993e-05	5.9509e-05	0.99994
N/A	0.00143382	0.999961	3.9274e-05	1.15163e-09	1
N/A	0.00143382	0.999976	2.35057e-05	1.05496e-05	0.999989
N/A	0.00143387	0.999976	2.36113e-05	9.59858e-09	1
